BEGIN POLYGON
HEIGHT
0.000000 287.638397
TYPE
0
POINTS
185.033157 1051.297729 0.000000
185.033157 1052.752930 0.000000
187.943497 1054.208008 0.000000
348.012268 1084.766602 0.000000
348.739838 1084.766602 0.000000
352.377777 1085.494263 0.000000
380.026001 939.977173 0.000000
380.753601 938.521973 0.000000
383.663940 937.066833 0.000000
627.405029 982.904724 0.000000
628.132629 981.449524 0.000000
654.325684 841.025574 0.000000
655.053284 839.570374 0.000000
657.236023 838.115234 0.000000
769.284180 859.215210 0.000000
772.194519 859.942810 0.000000
809.301331 685.322327 0.000000
807.846191 683.867126 0.000000
805.663452 683.867126 0.000000
763.463501 675.863708 0.000000
761.280701 675.136108 0.000000
760.553162 675.136108 0.000000
758.370361 671.498169 0.000000
768.556580 615.474121 0.000000
769.284180 614.018982 0.000000
769.284180 611.836182 0.000000
770.011719 609.653442 0.000000
769.284180 608.198242 0.000000
706.711792 596.556885 0.000000
704.529053 595.829346 0.000000
702.346313 595.829346 0.000000
700.163574 595.101746 0.000000
699.435974 595.101746 0.000000
294.170959 520.160461 0.000000
291.988190 519.432861 0.000000
288.350281 520.160461 0.000000
287.622681 520.888062 0.000000
185.033157 1051.297729 0.000000
EXTRUSION
END POLYGON
BEGIN POLYGON
HEIGHT
287.638397 365.540497
TYPE
0
POINTS
280.346832 568.908691 287.638397
439.688019 600.922424 287.638397
442.598358 601.650024 287.638397
443.325928 606.015503 287.638397
442.598358 610.381042 287.638397
443.325928 608.925842 287.638397
442.598358 610.381042 287.638397
380.753601 936.339233 287.638397
627.405029 982.904724 287.638397
628.132629 981.449524 287.638397
654.325684 841.025574 287.638397
655.053284 839.570374 287.638397
657.236023 838.115234 287.638397
769.284180 859.215210 287.638397
772.194519 859.942810 287.638397
809.301331 685.322327 287.638397
807.846191 683.867126 287.638397
805.663452 683.867126 287.638397
760.553162 675.136108 287.638397
758.370361 671.498169 287.638397
758.370361 670.770630 287.638397
759.097961 667.860291 287.638397
759.097961 666.405090 287.638397
759.825562 664.222351 287.638397
759.825562 662.767151 287.638397
760.553162 660.584412 287.638397
769.284180 614.018982 287.638397
769.284180 612.563782 287.638397
770.011719 610.381042 287.638397
770.011719 609.653442 287.638397
769.284180 608.198242 287.638397
706.711792 596.556885 287.638397
704.529053 595.829346 287.638397
702.346313 595.829346 287.638397
700.163574 595.101746 287.638397
699.435974 594.374146 287.638397
459.332825 549.991455 287.638397
458.605225 549.991455 287.638397
456.422485 549.263855 287.638397
451.329376 549.263855 287.638397
291.988190 519.432861 287.638397
291.260620 520.160461 287.638397
281.074402 565.270752 287.638397
280.346832 569.636230 287.638397
280.346832 568.908691 287.638397
EXTRUSION
END POLYGON
BEGIN POLYGON
HEIGHT
365.540497 397.500305
TYPE
0
POINTS
655.053284 837.387634 365.540497
657.236023 838.115234 365.540497
768.556580 859.215210 365.540497
772.194519 859.942810 365.540497
809.301331 685.322327 365.540497
807.846191 683.867126 365.540497
805.663452 683.867126 365.540497
695.070435 662.767151 365.540497
692.887695 662.039612 365.540497
690.704956 662.039612 365.540497
688.522217 661.312012 365.540497
655.780823 836.660034 365.540497
655.053284 837.387634 365.540497
EXTRUSION
END POLYGON
BEGIN POLYGON
HEIGHT
0.000000 289.467377
TYPE
0
POINTS
-514.809875 856.812683 0.000000
169.950439 987.916931 0.000000
173.723221 993.576111 0.000000
162.404861 1049.224609 0.000000
165.234451 1050.167847 0.000000
166.177658 1050.167847 0.000000
175.609619 1052.054199 0.000000
180.325592 1052.997437 0.000000
185.041580 1053.940674 0.000000
197.303116 1001.121643 0.000000
197.303116 992.632874 0.000000
199.189514 990.746521 0.000000
200.132706 989.803284 0.000000
286.906738 524.807678 0.000000
286.906738 522.921265 0.000000
289.736328 520.091675 0.000000
258.610870 514.432495 0.000000
254.838074 511.602936 0.000000
-418.603912 385.214661 0.000000
-421.433502 384.271454 0.000000
-422.376678 383.328278 0.000000
-423.319885 382.385071 0.000000
-512.923523 848.323914 0.000000
-513.866699 853.039856 0.000000
-513.866699 852.096680 0.000000
-514.809875 857.755859 0.000000
-514.809875 856.812683 0.000000
EXTRUSION
END POLYGON
BEGIN POLYGON
HEIGHT
0.000000 363.337219
TYPE
0
POINTS
452.722412 -337.487335 0.000000
286.520782 518.669678 0.000000
767.630737 611.611389 0.000000
933.832336 -243.452209 0.000000
452.722412 -337.487335 0.000000
EXTRUSION
END POLYGON
BEGIN POLYGON
HEIGHT
363.337219 421.349030
TYPE
0
POINTS
787.312500 -69.596573 363.337219
676.875916 502.268219 363.337219
447.255249 457.437500 363.337219
557.691833 -114.427277 363.337219
787.312500 -69.596573 363.337219
EXTRUSION
END POLYGON
BEGIN POLYGON
HEIGHT
421.349030 488.520630
TYPE
1
POINTS
787.312500 -69.596573 421.349030
676.875916 502.268219 421.349030
447.255249 457.437500 421.349030
557.691833 -114.427261 421.349030
TAPER
642.979553 37.559734 488.520630
578.976318 368.982513 488.520630
578.976318 368.982513 488.520630
642.979553 37.559734 488.520630
642.979553 37.559734 488.520630
END POLYGON
BEGIN POLYGON
HEIGHT
-856.662048 -943.250610
TYPE
0
POINTS
-891.053345 -363.342834 0.387498
-891.053345 -363.342834 4.475003
-891.053345 -363.342834 129.143890
-963.991089 20.139259 135.275146
-964.182007 21.143129 134.253265
-964.182007 21.143129 131.187637
-964.182007 21.143129 5.496879
-964.182007 21.143129 3.453126
-963.991089 20.139259 0.387498
-891.053345 -363.342834 0.387498
EXTRUSION
END POLYGON
BEGIN POLYGON
HEIGHT
-856.662048 382.220825
TYPE
0
POINTS
-764.174561 -567.013550 0.387498
-764.174561 -567.013550 4.475003
-764.174561 -567.013550 296.731567
-764.365540 -566.009644 297.753448
-764.938354 -562.997986 297.753448
-767.993347 -546.935913 297.753448
-768.947998 -541.916504 302.862823
-768.947998 -541.916504 304.906586
-768.947998 -541.916504 320.234711
-768.947998 -541.916504 322.278473
-768.947998 -541.916504 324.322235
-768.947998 -541.916504 326.365967
-768.947998 -541.916504 328.409729
-769.711731 -537.901001 330.453491
-822.219299 -261.834076 478.625519
-822.219299 -261.834076 480.669281
-822.219299 -261.834076 547.091187
-822.983032 -257.818542 549.134949
-830.811462 -216.659470 570.594360
-831.002380 -215.655594 571.616211
-830.811462 -216.659470 570.594360
-831.575195 -212.643951 572.638123
-832.338928 -208.628433 574.681885
-832.529846 -207.624557 575.703735
-833.293640 -203.609039 577.747498
-832.911743 -205.616791 576.725647
-843.604187 -149.399521 606.360046
-844.367920 -145.384003 608.403809
-844.749817 -143.376251 609.425659
-844.940735 -142.372360 609.425659
-845.131653 -141.368484 608.403809
-845.895447 -137.352966 606.360046
-856.015076 -84.147339 573.659973
-856.396912 -82.139572 572.638123
-856.587891 -81.135696 571.616211
-856.969727 -79.127937 570.594360
-857.351624 -77.120178 569.572510
-857.542542 -76.116295 568.550598
-857.924438 -74.108543 567.528748
-858.306274 -72.100777 566.506836
-865.179993 -35.961109 544.025574
-865.943787 -31.945585 541.981812
-866.134705 -30.941702 540.959961
-866.516541 -28.933947 539.938110
-866.516541 -28.933947 538.916199
-866.516541 -28.933947 537.894348
-866.516541 -28.933947 536.872437
-866.516541 -28.933947 535.850586
-866.516541 -28.933947 534.828674
-866.516541 -28.933947 479.647400
-866.516541 -28.933947 478.625519
-866.516541 -28.933947 477.603638
-866.516541 -28.933947 476.581757
-866.516541 -28.933947 475.559875
-867.089355 -25.922308 472.494263
-867.280334 -24.918423 471.472382
-917.305664 238.098068 321.256592
-917.496643 239.101959 320.234711
-918.260376 243.117462 318.190979
-918.260376 243.117462 317.169098
-918.260376 243.117462 316.147217
-918.260376 243.117462 315.125336
-918.260376 243.117462 314.103455
-918.260376 243.117462 313.081573
-918.260376 243.117462 312.059723
-918.260376 243.117462 292.644073
-918.260376 243.117462 289.578430
-918.642212 245.125229 287.534668
-924.943115 278.253296 287.534668
-925.897827 283.272675 5.496879
-925.897827 283.272675 2.431250
-925.706909 282.268799 0.387498
-764.174561 -567.013550 0.387498
EXTRUSION
END POLYGON
BEGIN POLYGON
HEIGHT
0.000000 279.080505
TYPE
0
POINTS
451.404907 -334.527557 0.000000
451.404907 -332.489716 0.000000
453.442749 -331.810425 0.000000
930.978638 -242.145096 0.000000
950.677856 -321.621185 0.000000
991.434814 -314.149078 0.000000
994.151978 -313.469788 0.000000
995.510498 -312.790527 0.000000
1032.871094 -496.196899 0.000000
1030.833252 -497.555450 0.000000
917.393005 -519.292542 0.000000
916.034424 -519.292542 0.000000
913.996582 -522.009644 0.000000
931.657898 -616.429993 0.000000
932.337219 -618.467834 0.000000
932.337219 -619.147095 0.000000
933.016479 -621.184937 0.000000
933.016479 -621.864258 0.000000
931.657898 -622.543518 0.000000
706.815308 -665.338318 0.000000
704.777405 -668.055481 0.000000
704.777405 -669.414063 0.000000
718.363098 -740.738770 0.000000
719.042358 -742.776611 0.000000
541.070251 -778.778564 0.000000
539.032410 -778.778564 0.000000
536.994568 -779.457886 0.000000
536.315247 -779.457886 0.000000
535.635986 -778.099304 0.000000
451.404907 -334.527557 0.000000
EXTRUSION
END POLYGON
BEGIN POLYGON
HEIGHT
279.080505 364.223694
TYPE
0
POINTS
451.404907 -335.886139 279.080505
598.130005 -304.639130 279.080505
601.526428 -303.959839 279.080505
604.922852 -303.280548 279.080505
930.978638 -242.145096 279.080505
932.337219 -243.503662 279.080505
941.847168 -294.449860 279.080505
942.526428 -296.487732 279.080505
942.526428 -298.525574 279.080505
943.205750 -300.563416 279.080505
943.205750 -301.921997 279.080505
950.677856 -321.621185 279.080505
991.434814 -314.149078 279.080505
994.151978 -313.469788 279.080505
995.510498 -312.790527 279.080505
1032.871094 -496.196899 279.080505
1030.833252 -497.555450 279.080505
917.393005 -519.292542 279.080505
916.034424 -519.292542 279.080505
913.996582 -522.009644 279.080505
931.657898 -616.429993 279.080505
932.337219 -618.467834 279.080505
932.337219 -619.147095 279.080505
933.016479 -621.184937 279.080505
933.016479 -621.864258 279.080505
931.657898 -622.543518 279.080505
680.323242 -670.093323 279.080505
678.285400 -670.772583 279.080505
617.149963 -365.774567 279.080505
613.074219 -363.736725 279.080505
465.669861 -392.266602 279.080505
464.990570 -392.945892 279.080505
463.631989 -393.625183 279.080505
461.594147 -390.908051 279.080505
452.084198 -337.923981 279.080505
451.404907 -334.527557 279.080505
451.404907 -335.886139 279.080505
EXTRUSION
END POLYGON
BEGIN POLYGON
HEIGHT
364.223694 397.334961
TYPE
0
POINTS
878.673828 -338.603271 364.223694
878.673828 -335.886139 364.223694
879.353149 -335.206848 364.223694
993.472656 -313.469788 364.223694
995.510498 -312.790527 364.223694
1032.871094 -496.196899 364.223694
1030.833252 -497.555450 364.223694
917.393005 -519.292542 364.223694
916.034424 -519.292542 364.223694
913.996582 -519.971802 364.223694
878.673828 -338.603271 364.223694
EXTRUSION
END POLYGON
BEGIN POLYGON
HEIGHT
-504.665619 -974.750305
TYPE
0
POINTS
-803.767700 -990.844971 -0.223936
-803.767700 -990.844971 2.000247
-803.767700 -990.844971 247.216461
-879.820007 -590.987549 251.108780
-879.923950 -590.441284 250.552734
-879.923950 -590.441284 248.884598
-879.923950 -590.441284 2.556293
-879.923950 -590.441284 1.444202
-880.027832 -589.895020 -0.223936
-803.767700 -990.844971 -0.223936
EXTRUSION
END POLYGON
BEGIN POLYGON
HEIGHT
-320.719452 -504.665619
TYPE
0
POINTS
-341.961700 -903.010071 -0.223936
-341.961700 -903.010071 2.000247
-341.961700 -903.010071 247.216461
-368.559235 -763.169250 251.108780
-369.494293 -758.252991 474.639191
-391.104797 -644.632324 474.639191
-391.520386 -642.447327 474.639191
-391.624268 -641.901062 474.083160
-391.624268 -641.901062 253.889008
-391.624268 -641.901062 252.220871
-391.935974 -640.262268 251.108780
-418.014038 -503.152679 251.108780
-418.117920 -502.606445 250.552734
-418.117920 -502.606445 248.884598
-418.117920 -502.606445 2.556293
-418.117920 -502.606445 1.444202
-418.221832 -502.060181 -0.223936
-341.961700 -903.010071 -0.223936
EXTRUSION
END POLYGON
BEGIN POLYGON
HEIGHT
381.001160 -320.719452
TYPE
0
POINTS
-161.255020 -868.639954 -0.223936
-161.255020 -868.639954 2.000247
-161.255020 -868.639954 278.355011
-161.566711 -867.001221 279.467102
-161.670609 -866.454895 280.023163
-189.099304 -722.244080 413.474152
-189.410995 -720.605286 414.586243
-189.618790 -719.512817 416.254395
-189.826584 -718.420288 419.034607
-189.826584 -718.420288 420.146698
-189.826584 -718.420288 444.056671
-189.826584 -718.420288 445.168762
-189.826584 -718.420288 446.280853
-189.826584 -718.420288 447.392944
-197.307144 -679.090088 465.742462
-197.514938 -677.997559 466.298523
-197.826614 -676.358826 466.854553
-198.034424 -675.266296 467.410614
-198.242203 -674.173828 467.966644
-198.657791 -671.988770 469.078735
-199.073380 -669.803772 469.634796
-199.177277 -669.257507 470.190826
-199.385071 -668.165039 470.746887
-199.488968 -667.618774 470.746887
-199.592865 -667.072449 470.190826
-199.800659 -665.979980 469.634796
-200.008453 -664.887451 469.634796
-200.112350 -664.341248 469.078735
-200.320145 -663.248718 468.522705
-200.527939 -662.156189 467.966644
-200.631836 -661.609985 467.966644
-200.839630 -660.517456 467.410614
-200.943527 -659.971191 466.854553
-201.151321 -658.878662 466.298523
-208.527985 -620.094666 449.061096
-208.631866 -619.548462 448.505035
-208.839661 -618.455994 447.949005
-208.839661 -618.455994 447.392944
-208.839661 -618.455994 446.280853
-208.839661 -618.455994 445.168762
-208.839661 -618.455994 421.258789
-208.839661 -618.455994 420.146698
-208.839661 -618.455994 419.034607
-208.839661 -618.455994 417.922516
-208.943558 -617.909668 416.254395
-209.047455 -617.363464 415.142303
-209.255249 -616.270935 414.586243
-236.891754 -470.967529 280.023163
-237.203445 -469.328796 278.911072
-237.307343 -468.782532 278.355011
-237.411224 -468.236298 277.242920
-237.411224 -468.236298 3.112339
-237.411224 -468.236298 1.444202
-237.307343 -468.782532 -0.223936
-161.255020 -868.639954 -0.223936
EXTRUSION
END POLYGON
