BEGIN POLYGON
HEIGHT
0.000000 737.847351
TYPE
0
POINTS
-971.590820 -2161.723389 0.000000
-964.453979 -1417.707520 0.000000
-930.553955 -1417.707520 0.000000
-921.632874 -1408.786499 0.000000
-921.632874 -1237.502319 0.000000
-926.985535 -1225.012817 0.000000
-928.769775 -1225.012817 0.000000
-962.669739 -1225.012817 0.000000
-964.453979 -657.633850 0.000000
-530.890808 -661.202271 0.000000
-521.969727 -661.202271 0.000000
-521.969727 -625.518066 0.000000
-452.385498 -625.518066 0.000000
-450.601288 -627.302246 0.000000
-450.601288 -632.654907 0.000000
-450.601288 -652.281189 0.000000
-450.601288 -657.633850 0.000000
-447.032867 -661.202271 0.000000
-81.269707 -657.633850 0.000000
-72.348656 -2156.370850 0.000000
-74.132866 -2161.723389 0.000000
-79.485497 -2161.723389 0.000000
-962.669739 -2161.723389 0.000000
-971.590820 -2161.723389 0.000000
EXTRUSION
END POLYGON
BEGIN POLYGON
HEIGHT
737.847351 849.642395
TYPE
0
POINTS
-521.969727 -684.397034 737.847351
-521.969727 -677.260132 737.847351
-521.969727 -625.518066 737.847351
-454.169739 -625.518066 737.847351
-450.601288 -627.302246 737.847351
-450.601288 -632.654907 737.847351
-450.601288 -671.907532 737.847351
-450.601288 -679.044373 737.847351
-452.385498 -684.397034 737.847351
-521.969727 -684.397034 737.847351
EXTRUSION
END POLYGON
BEGIN POLYGON
HEIGHT
737.847351 889.888611
TYPE
0
POINTS
-852.048706 -909.207520 737.847351
-852.048706 -662.986450 737.847351
-850.264465 -661.202271 737.847351
-844.911865 -661.202271 737.847351
-734.290771 -657.633850 737.847351
-728.938171 -657.633850 737.847351
-725.369751 -659.418030 737.847351
-732.506592 -909.207520 737.847351
-843.127625 -909.207520 737.847351
-852.048706 -909.207520 737.847351
EXTRUSION
END POLYGON
BEGIN POLYGON
HEIGHT
-971.257751 -966.737732
TYPE
0
POINTS
-968.945313 -1885.931152 679.309814
-968.582092 -1848.060669 679.309814
-968.564758 -1846.257324 677.506348
-968.564758 -1846.257324 596.348022
-968.582092 -1848.060669 594.544495
-968.945313 -1885.931152 594.544495
-968.945313 -1885.931152 679.309814
EXTRUSION
END POLYGON
BEGIN POLYGON
HEIGHT
-971.257751 -966.737732
TYPE
0
POINTS
-967.578735 -1743.466187 679.309814
-967.215515 -1705.595947 679.309814
-967.198181 -1703.792480 677.506348
-967.198181 -1703.792480 596.348022
-967.215515 -1705.595947 594.544495
-967.578735 -1743.466187 594.544495
-967.578735 -1743.466187 679.309814
EXTRUSION
END POLYGON
BEGIN POLYGON
HEIGHT
-971.257751 -966.737732
TYPE
0
POINTS
-966.194885 -1599.198120 679.309814
-965.831604 -1561.327637 679.309814
-965.814331 -1559.524414 677.506348
-965.814331 -1559.524414 596.348022
-965.831604 -1561.327637 594.544495
-966.194885 -1599.198120 594.544495
-966.194885 -1599.198120 679.309814
EXTRUSION
END POLYGON
BEGIN POLYGON
HEIGHT
-971.257751 -966.737732
TYPE
0
POINTS
-962.990540 -1122.994751 679.309814
-963.109680 -1085.121216 679.309814
-963.115356 -1083.317749 677.506348
-963.115356 -1083.317749 596.348022
-963.109680 -1085.121216 594.544495
-962.990540 -1122.994751 594.544495
-962.990540 -1122.994751 679.309814
EXTRUSION
END POLYGON
BEGIN POLYGON
HEIGHT
-971.257751 -966.737732
TYPE
0
POINTS
-963.364868 -1003.963745 679.309814
-963.483948 -966.090210 679.309814
-963.489624 -964.286743 677.506348
-963.489624 -964.286743 596.348022
-963.483948 -966.090210 594.544495
-963.364868 -1003.963745 594.544495
-963.364868 -1003.963745 679.309814
EXTRUSION
END POLYGON
BEGIN POLYGON
HEIGHT
-971.257751 -966.737732
TYPE
0
POINTS
-968.945313 -1885.931152 524.207275
-968.582092 -1848.060669 524.207275
-968.564758 -1846.257324 522.403748
-968.564758 -1846.257324 441.245453
-968.582092 -1848.060669 439.441925
-968.945313 -1885.931152 439.441925
-968.945313 -1885.931152 524.207275
EXTRUSION
END POLYGON
BEGIN POLYGON
HEIGHT
-971.257751 -966.737732
TYPE
0
POINTS
-967.578735 -1743.466187 524.207275
-967.215515 -1705.595947 524.207275
-967.198181 -1703.792480 522.403748
-967.198181 -1703.792480 441.245453
-967.215515 -1705.595947 439.441925
-967.578735 -1743.466187 439.441925
-967.578735 -1743.466187 524.207275
EXTRUSION
END POLYGON
BEGIN POLYGON
HEIGHT
-971.257751 -966.737732
TYPE
0
POINTS
-966.194885 -1599.198120 524.207275
-965.831604 -1561.327637 524.207275
-965.814331 -1559.524414 522.403748
-965.814331 -1559.524414 441.245453
-965.831604 -1561.327637 439.441925
-966.194885 -1599.198120 439.441925
-966.194885 -1599.198120 524.207275
EXTRUSION
END POLYGON
BEGIN POLYGON
HEIGHT
-971.257751 -966.737732
TYPE
0
POINTS
-962.990540 -1122.994751 524.207275
-963.109680 -1085.121216 524.207275
-963.115356 -1083.317749 522.403748
-963.115356 -1083.317749 441.245453
-963.109680 -1085.121216 439.441925
-962.990540 -1122.994751 439.441925
-962.990540 -1122.994751 524.207275
EXTRUSION
END POLYGON
BEGIN POLYGON
HEIGHT
-971.257751 -966.737732
TYPE
0
POINTS
-963.364868 -1003.963745 524.207275
-963.483948 -966.090210 524.207275
-963.489624 -964.286743 522.403748
-963.489624 -964.286743 441.245453
-963.483948 -966.090210 439.441925
-963.364868 -1003.963745 439.441925
-963.364868 -1003.963745 524.207275
EXTRUSION
END POLYGON
BEGIN POLYGON
HEIGHT
-971.257751 -966.737732
TYPE
0
POINTS
-968.945313 -1885.931152 360.087128
-968.582092 -1848.060669 360.087128
-968.564758 -1846.257324 358.283630
-968.564758 -1846.257324 260.893646
-968.582092 -1848.060669 259.090118
-968.945313 -1885.931152 259.090118
-968.945313 -1885.931152 360.087128
EXTRUSION
END POLYGON
BEGIN POLYGON
HEIGHT
-971.257751 -966.737732
TYPE
0
POINTS
-967.578735 -1743.466187 360.087128
-967.215515 -1705.595947 360.087128
-967.198181 -1703.792480 358.283630
-967.198181 -1703.792480 260.893646
-967.215515 -1705.595947 259.090118
-967.578735 -1743.466187 259.090118
-967.578735 -1743.466187 360.087128
EXTRUSION
END POLYGON
BEGIN POLYGON
HEIGHT
-971.257751 -966.737732
TYPE
0
POINTS
-966.194885 -1599.198120 360.087128
-965.831604 -1561.327637 360.087128
-965.814331 -1559.524414 358.283630
-965.814331 -1559.524414 260.893646
-965.831604 -1561.327637 259.090118
-966.194885 -1599.198120 259.090118
-966.194885 -1599.198120 360.087128
EXTRUSION
END POLYGON
BEGIN POLYGON
HEIGHT
-971.257751 -966.737732
TYPE
0
POINTS
-962.990540 -1122.994751 360.087128
-963.109680 -1085.121216 360.087128
-963.115356 -1083.317749 358.283630
-963.115356 -1083.317749 260.893646
-963.109680 -1085.121216 259.090118
-962.990540 -1122.994751 259.090118
-962.990540 -1122.994751 360.087128
EXTRUSION
END POLYGON
BEGIN POLYGON
HEIGHT
-971.257751 -966.737732
TYPE
0
POINTS
-963.364868 -1003.963745 360.087128
-963.483948 -966.090210 360.087128
-963.489624 -964.286743 358.283630
-963.489624 -964.286743 260.893646
-963.483948 -966.090210 259.090118
-963.364868 -1003.963745 259.090118
-963.364868 -1003.963745 360.087128
EXTRUSION
END POLYGON
BEGIN POLYGON
HEIGHT
-921.537720 -916.113708
TYPE
0
POINTS
-921.632874 -1341.246460 679.309814
-921.632874 -1303.372559 679.309814
-921.632874 -1301.569092 677.506348
-921.632874 -1301.569092 596.348022
-921.632874 -1303.372559 594.544495
-921.632874 -1341.246460 594.544495
-921.632874 -1341.246460 679.309814
EXTRUSION
END POLYGON
BEGIN POLYGON
HEIGHT
-921.537720 -916.113708
TYPE
0
POINTS
-921.632874 -1341.246460 524.207275
-921.632874 -1303.372559 524.207275
-921.632874 -1301.569092 522.403748
-921.632874 -1301.569092 441.245453
-921.632874 -1303.372559 439.441925
-921.632874 -1341.246460 439.441925
-921.632874 -1341.246460 524.207275
EXTRUSION
END POLYGON
BEGIN POLYGON
HEIGHT
-921.537720 -916.113708
TYPE
0
POINTS
-921.632874 -1341.246460 360.087128
-921.632874 -1303.372559 360.087128
-921.632874 -1301.569092 358.283630
-921.632874 -1301.569092 260.893646
-921.632874 -1303.372559 259.090118
-921.632874 -1341.246460 259.090118
-921.632874 -1341.246460 360.087128
EXTRUSION
END POLYGON
BEGIN POLYGON
HEIGHT
-78.105751 -73.585747
TYPE
0
POINTS
-72.563164 -2120.333252 679.309814
-72.788597 -2082.460693 679.309814
-72.799332 -2080.657227 677.506348
-72.799332 -2080.657227 596.348022
-72.788597 -2082.460693 594.544495
-72.563164 -2120.333252 594.544495
-72.563164 -2120.333252 679.309814
EXTRUSION
END POLYGON
BEGIN POLYGON
HEIGHT
-78.105751 -73.585747
TYPE
0
POINTS
-73.110641 -2028.357056 679.309814
-73.336075 -1990.484497 679.309814
-73.346809 -1988.681152 677.506348
-73.346809 -1988.681152 596.348022
-73.336075 -1990.484497 594.544495
-73.110641 -2028.357056 594.544495
-73.110641 -2028.357056 679.309814
EXTRUSION
END POLYGON
BEGIN POLYGON
HEIGHT
-78.105751 -73.585747
TYPE
0
POINTS
-73.658119 -1936.380859 679.309814
-73.883553 -1898.508423 679.309814
-73.894287 -1896.704956 677.506348
-73.894287 -1896.704956 596.348022
-73.883553 -1898.508423 594.544495
-73.658119 -1936.380859 594.544495
-73.658119 -1936.380859 679.309814
EXTRUSION
END POLYGON
BEGIN POLYGON
HEIGHT
-78.105751 -73.585747
TYPE
0
POINTS
-74.205597 -1844.404785 679.309814
-74.431030 -1806.532227 679.309814
-74.441765 -1804.728760 677.506348
-74.441765 -1804.728760 596.348022
-74.431030 -1806.532227 594.544495
-74.205597 -1844.404785 594.544495
-74.205597 -1844.404785 679.309814
EXTRUSION
END POLYGON
BEGIN POLYGON
HEIGHT
-78.105751 -73.585747
TYPE
0
POINTS
-74.753075 -1752.428711 679.309814
-74.978508 -1714.556152 679.309814
-74.989243 -1712.752563 677.506348
-74.989243 -1712.752563 596.348022
-74.978508 -1714.556152 594.544495
-74.753075 -1752.428711 594.544495
-74.753075 -1752.428711 679.309814
EXTRUSION
END POLYGON
BEGIN POLYGON
HEIGHT
-78.105751 -73.585747
TYPE
0
POINTS
-75.300552 -1660.452393 679.309814
-75.525986 -1622.579834 679.309814
-75.536720 -1620.776489 677.506348
-75.536720 -1620.776489 596.348022
-75.525986 -1622.579834 594.544495
-75.300552 -1660.452393 594.544495
-75.300552 -1660.452393 679.309814
EXTRUSION
END POLYGON
BEGIN POLYGON
HEIGHT
-78.105751 -73.585747
TYPE
0
POINTS
-75.848030 -1568.476318 679.309814
-76.073456 -1530.603760 679.309814
-76.084198 -1528.800171 677.506348
-76.084198 -1528.800171 596.348022
-76.073456 -1530.603760 594.544495
-75.848030 -1568.476318 594.544495
-75.848030 -1568.476318 679.309814
EXTRUSION
END POLYGON
BEGIN POLYGON
HEIGHT
-78.105751 -73.585747
TYPE
0
POINTS
-76.395508 -1476.500122 679.309814
-76.620934 -1438.627563 679.309814
-76.631668 -1436.824097 677.506348
-76.631668 -1436.824097 596.348022
-76.620934 -1438.627563 594.544495
-76.395508 -1476.500122 594.544495
-76.395508 -1476.500122 679.309814
EXTRUSION
END POLYGON
BEGIN POLYGON
HEIGHT
-78.105751 -73.585747
TYPE
0
POINTS
-76.942978 -1384.523926 679.309814
-77.168411 -1346.651367 679.309814
-77.179146 -1344.848022 677.506348
-77.179146 -1344.848022 596.348022
-77.168411 -1346.651367 594.544495
-76.942978 -1384.523926 594.544495
-76.942978 -1384.523926 679.309814
EXTRUSION
END POLYGON
BEGIN POLYGON
HEIGHT
-78.105751 -73.585747
TYPE
0
POINTS
-77.490456 -1292.547729 679.309814
-77.715889 -1254.675293 679.309814
-77.726624 -1252.871826 677.506348
-77.726624 -1252.871826 596.348022
-77.715889 -1254.675293 594.544495
-77.490456 -1292.547729 594.544495
-77.490456 -1292.547729 679.309814
EXTRUSION
END POLYGON
BEGIN POLYGON
HEIGHT
-78.105751 -73.585747
TYPE
0
POINTS
-78.037933 -1200.571655 679.309814
-78.263367 -1162.699097 679.309814
-78.274101 -1160.895630 677.506348
-78.274101 -1160.895630 596.348022
-78.263367 -1162.699097 594.544495
-78.037933 -1200.571655 594.544495
-78.037933 -1200.571655 679.309814
EXTRUSION
END POLYGON
BEGIN POLYGON
HEIGHT
-78.105751 -73.585747
TYPE
0
POINTS
-78.585411 -1108.595459 679.309814
-78.810844 -1070.722900 679.309814
-78.821579 -1068.919434 677.506348
-78.821579 -1068.919434 596.348022
-78.810844 -1070.722900 594.544495
-78.585411 -1108.595459 594.544495
-78.585411 -1108.595459 679.309814
EXTRUSION
END POLYGON
BEGIN POLYGON
HEIGHT
-78.105751 -73.585747
TYPE
0
POINTS
-79.132889 -1016.619263 679.309814
-79.358322 -978.746765 679.309814
-79.369057 -976.943298 677.506348
-79.369057 -976.943298 596.348022
-79.358322 -978.746765 594.544495
-79.132889 -1016.619263 594.544495
-79.132889 -1016.619263 679.309814
EXTRUSION
END POLYGON
BEGIN POLYGON
HEIGHT
-78.105751 -73.585747
TYPE
0
POINTS
-79.680367 -924.643188 679.309814
-79.905800 -886.770630 679.309814
-79.916534 -884.967163 677.506348
-79.916534 -884.967163 596.348022
-79.905800 -886.770630 594.544495
-79.680367 -924.643188 594.544495
-79.680367 -924.643188 679.309814
EXTRUSION
END POLYGON
BEGIN POLYGON
HEIGHT
-78.105751 -73.585747
TYPE
0
POINTS
-80.227844 -832.666992 679.309814
-80.453278 -794.794434 679.309814
-80.464012 -792.990967 677.506348
-80.464012 -792.990967 596.348022
-80.453278 -794.794434 594.544495
-80.227844 -832.666992 594.544495
-80.227844 -832.666992 679.309814
EXTRUSION
END POLYGON
BEGIN POLYGON
HEIGHT
-78.105751 -73.585747
TYPE
0
POINTS
-80.775322 -740.690796 679.309814
-81.000755 -702.818237 679.309814
-81.011490 -701.014832 677.506348
-81.011490 -701.014832 596.348022
-81.000755 -702.818237 594.544495
-80.775322 -740.690796 594.544495
-80.775322 -740.690796 679.309814
EXTRUSION
END POLYGON
BEGIN POLYGON
HEIGHT
-78.105751 -73.585747
TYPE
0
POINTS
-72.563164 -2120.333252 524.207275
-72.788597 -2082.460693 524.207275
-72.799332 -2080.657227 522.403748
-72.799332 -2080.657227 441.245453
-72.788597 -2082.460693 439.441925
-72.563164 -2120.333252 439.441925
-72.563164 -2120.333252 524.207275
EXTRUSION
END POLYGON
BEGIN POLYGON
HEIGHT
-78.105751 -73.585747
TYPE
0
POINTS
-73.110641 -2028.357056 524.207275
-73.336075 -1990.484497 524.207275
-73.346809 -1988.681152 522.403748
-73.346809 -1988.681152 441.245453
-73.336075 -1990.484497 439.441925
-73.110641 -2028.357056 439.441925
-73.110641 -2028.357056 524.207275
EXTRUSION
END POLYGON
BEGIN POLYGON
HEIGHT
-78.105751 -73.585747
TYPE
0
POINTS
-73.658119 -1936.380859 524.207275
-73.883553 -1898.508423 524.207275
-73.894287 -1896.704956 522.403748
-73.894287 -1896.704956 441.245453
-73.883553 -1898.508423 439.441925
-73.658119 -1936.380859 439.441925
-73.658119 -1936.380859 524.207275
EXTRUSION
END POLYGON
BEGIN POLYGON
HEIGHT
-78.105751 -73.585747
TYPE
0
POINTS
-74.205597 -1844.404785 524.207275
-74.431030 -1806.532227 524.207275
-74.441765 -1804.728760 522.403748
-74.441765 -1804.728760 441.245453
-74.431030 -1806.532227 439.441925
-74.205597 -1844.404785 439.441925
-74.205597 -1844.404785 524.207275
EXTRUSION
END POLYGON
BEGIN POLYGON
HEIGHT
-78.105751 -73.585747
TYPE
0
POINTS
-74.753075 -1752.428711 524.207275
-74.978508 -1714.556152 524.207275
-74.989243 -1712.752563 522.403748
-74.989243 -1712.752563 441.245453
-74.978508 -1714.556152 439.441925
-74.753075 -1752.428711 439.441925
-74.753075 -1752.428711 524.207275
EXTRUSION
END POLYGON
BEGIN POLYGON
HEIGHT
-78.105751 -73.585747
TYPE
0
POINTS
-75.300552 -1660.452393 524.207275
-75.525986 -1622.579834 524.207275
-75.536720 -1620.776489 522.403748
-75.536720 -1620.776489 441.245453
-75.525986 -1622.579834 439.441925
-75.300552 -1660.452393 439.441925
-75.300552 -1660.452393 524.207275
EXTRUSION
END POLYGON
BEGIN POLYGON
HEIGHT
-78.105751 -73.585747
TYPE
0
POINTS
-75.848030 -1568.476318 524.207275
-76.073456 -1530.603760 524.207275
-76.084198 -1528.800171 522.403748
-76.084198 -1528.800171 441.245453
-76.073456 -1530.603760 439.441925
-75.848030 -1568.476318 439.441925
-75.848030 -1568.476318 524.207275
EXTRUSION
END POLYGON
BEGIN POLYGON
HEIGHT
-78.105751 -73.585747
TYPE
0
POINTS
-76.395508 -1476.500122 524.207275
-76.620934 -1438.627563 524.207275
-76.631668 -1436.824097 522.403748
-76.631668 -1436.824097 441.245453
-76.620934 -1438.627563 439.441925
-76.395508 -1476.500122 439.441925
-76.395508 -1476.500122 524.207275
EXTRUSION
END POLYGON
BEGIN POLYGON
HEIGHT
-78.105751 -73.585747
TYPE
0
POINTS
-76.942978 -1384.523926 524.207275
-77.168411 -1346.651367 524.207275
-77.179146 -1344.848022 522.403748
-77.179146 -1344.848022 441.245453
-77.168411 -1346.651367 439.441925
-76.942978 -1384.523926 439.441925
-76.942978 -1384.523926 524.207275
EXTRUSION
END POLYGON
BEGIN POLYGON
HEIGHT
-78.105751 -73.585747
TYPE
0
POINTS
-77.490456 -1292.547729 524.207275
-77.715889 -1254.675293 524.207275
-77.726624 -1252.871826 522.403748
-77.726624 -1252.871826 441.245453
-77.715889 -1254.675293 439.441925
-77.490456 -1292.547729 439.441925
-77.490456 -1292.547729 524.207275
EXTRUSION
END POLYGON
BEGIN POLYGON
HEIGHT
-78.105751 -73.585747
TYPE
0
POINTS
-78.037933 -1200.571655 524.207275
-78.263367 -1162.699097 524.207275
-78.274101 -1160.895630 522.403748
-78.274101 -1160.895630 441.245453
-78.263367 -1162.699097 439.441925
-78.037933 -1200.571655 439.441925
-78.037933 -1200.571655 524.207275
EXTRUSION
END POLYGON
BEGIN POLYGON
HEIGHT
-78.105751 -73.585747
TYPE
0
POINTS
-78.585411 -1108.595459 524.207275
-78.810844 -1070.722900 524.207275
-78.821579 -1068.919434 522.403748
-78.821579 -1068.919434 441.245453
-78.810844 -1070.722900 439.441925
-78.585411 -1108.595459 439.441925
-78.585411 -1108.595459 524.207275
EXTRUSION
END POLYGON
BEGIN POLYGON
HEIGHT
-78.105751 -73.585747
TYPE
0
POINTS
-79.132889 -1016.619263 524.207275
-79.358322 -978.746765 524.207275
-79.369057 -976.943298 522.403748
-79.369057 -976.943298 441.245453
-79.358322 -978.746765 439.441925
-79.132889 -1016.619263 439.441925
-79.132889 -1016.619263 524.207275
EXTRUSION
END POLYGON
BEGIN POLYGON
HEIGHT
-78.105751 -73.585747
TYPE
0
POINTS
-79.680367 -924.643188 524.207275
-79.905800 -886.770630 524.207275
-79.916534 -884.967163 522.403748
-79.916534 -884.967163 441.245453
-79.905800 -886.770630 439.441925
-79.680367 -924.643188 439.441925
-79.680367 -924.643188 524.207275
EXTRUSION
END POLYGON
BEGIN POLYGON
HEIGHT
-78.105751 -73.585747
TYPE
0
POINTS
-80.227844 -832.666992 524.207275
-80.453278 -794.794434 524.207275
-80.464012 -792.990967 522.403748
-80.464012 -792.990967 441.245453
-80.453278 -794.794434 439.441925
-80.227844 -832.666992 439.441925
-80.227844 -832.666992 524.207275
EXTRUSION
END POLYGON
BEGIN POLYGON
HEIGHT
-78.105751 -73.585747
TYPE
0
POINTS
-80.775322 -740.690796 524.207275
-81.000755 -702.818237 524.207275
-81.011490 -701.014832 522.403748
-81.011490 -701.014832 441.245453
-81.000755 -702.818237 439.441925
-80.775322 -740.690796 439.441925
-80.775322 -740.690796 524.207275
EXTRUSION
END POLYGON
BEGIN POLYGON
HEIGHT
-78.105751 -73.585747
TYPE
0
POINTS
-72.563164 -2120.333252 360.087128
-72.788597 -2082.460693 360.087128
-72.799332 -2080.657227 358.283630
-72.799332 -2080.657227 260.893646
-72.788597 -2082.460693 259.090118
-72.563164 -2120.333252 259.090118
-72.563164 -2120.333252 360.087128
EXTRUSION
END POLYGON
BEGIN POLYGON
HEIGHT
-78.105751 -73.585747
TYPE
0
POINTS
-73.110641 -2028.357056 360.087128
-73.336075 -1990.484497 360.087128
-73.346809 -1988.681152 358.283630
-73.346809 -1988.681152 260.893646
-73.336075 -1990.484497 259.090118
-73.110641 -2028.357056 259.090118
-73.110641 -2028.357056 360.087128
EXTRUSION
END POLYGON
BEGIN POLYGON
HEIGHT
-78.105751 -73.585747
TYPE
0
POINTS
-73.658119 -1936.380859 360.087128
-73.883553 -1898.508423 360.087128
-73.894287 -1896.704956 358.283630
-73.894287 -1896.704956 260.893646
-73.883553 -1898.508423 259.090118
-73.658119 -1936.380859 259.090118
-73.658119 -1936.380859 360.087128
EXTRUSION
END POLYGON
BEGIN POLYGON
HEIGHT
-78.105751 -73.585747
TYPE
0
POINTS
-74.205597 -1844.404785 360.087128
-74.431030 -1806.532227 360.087128
-74.441765 -1804.728760 358.283630
-74.441765 -1804.728760 260.893646
-74.431030 -1806.532227 259.090118
-74.205597 -1844.404785 259.090118
-74.205597 -1844.404785 360.087128
EXTRUSION
END POLYGON
BEGIN POLYGON
HEIGHT
-78.105751 -73.585747
TYPE
0
POINTS
-74.753075 -1752.428711 360.087128
-74.978508 -1714.556152 360.087128
-74.989243 -1712.752563 358.283630
-74.989243 -1712.752563 260.893646
-74.978508 -1714.556152 259.090118
-74.753075 -1752.428711 259.090118
-74.753075 -1752.428711 360.087128
EXTRUSION
END POLYGON
BEGIN POLYGON
HEIGHT
-78.105751 -73.585747
TYPE
0
POINTS
-75.300552 -1660.452393 360.087128
-75.525986 -1622.579834 360.087128
-75.536720 -1620.776489 358.283630
-75.536720 -1620.776489 260.893646
-75.525986 -1622.579834 259.090118
-75.300552 -1660.452393 259.090118
-75.300552 -1660.452393 360.087128
EXTRUSION
END POLYGON
BEGIN POLYGON
HEIGHT
-78.105751 -73.585747
TYPE
0
POINTS
-75.848030 -1568.476318 360.087128
-76.073456 -1530.603760 360.087128
-76.084198 -1528.800171 358.283630
-76.084198 -1528.800171 260.893646
-76.073456 -1530.603760 259.090118
-75.848030 -1568.476318 259.090118
-75.848030 -1568.476318 360.087128
EXTRUSION
END POLYGON
BEGIN POLYGON
HEIGHT
-78.105751 -73.585747
TYPE
0
POINTS
-76.395508 -1476.500122 360.087128
-76.620934 -1438.627563 360.087128
-76.631668 -1436.824097 358.283630
-76.631668 -1436.824097 260.893646
-76.620934 -1438.627563 259.090118
-76.395508 -1476.500122 259.090118
-76.395508 -1476.500122 360.087128
EXTRUSION
END POLYGON
BEGIN POLYGON
HEIGHT
-78.105751 -73.585747
TYPE
0
POINTS
-76.942978 -1384.523926 360.087128
-77.168411 -1346.651367 360.087128
-77.179146 -1344.848022 358.283630
-77.179146 -1344.848022 260.893646
-77.168411 -1346.651367 259.090118
-76.942978 -1384.523926 259.090118
-76.942978 -1384.523926 360.087128
EXTRUSION
END POLYGON
BEGIN POLYGON
HEIGHT
-78.105751 -73.585747
TYPE
0
POINTS
-77.490456 -1292.547729 360.087128
-77.715889 -1254.675293 360.087128
-77.726624 -1252.871826 358.283630
-77.726624 -1252.871826 260.893646
-77.715889 -1254.675293 259.090118
-77.490456 -1292.547729 259.090118
-77.490456 -1292.547729 360.087128
EXTRUSION
END POLYGON
BEGIN POLYGON
HEIGHT
-78.105751 -73.585747
TYPE
0
POINTS
-78.037933 -1200.571655 360.087128
-78.263367 -1162.699097 360.087128
-78.274101 -1160.895630 358.283630
-78.274101 -1160.895630 260.893646
-78.263367 -1162.699097 259.090118
-78.037933 -1200.571655 259.090118
-78.037933 -1200.571655 360.087128
EXTRUSION
END POLYGON
BEGIN POLYGON
HEIGHT
-78.105751 -73.585747
TYPE
0
POINTS
-78.585411 -1108.595459 360.087128
-78.810844 -1070.722900 360.087128
-78.821579 -1068.919434 358.283630
-78.821579 -1068.919434 260.893646
-78.810844 -1070.722900 259.090118
-78.585411 -1108.595459 259.090118
-78.585411 -1108.595459 360.087128
EXTRUSION
END POLYGON
BEGIN POLYGON
HEIGHT
-78.105751 -73.585747
TYPE
0
POINTS
-79.132889 -1016.619263 360.087128
-79.358322 -978.746765 360.087128
-79.369057 -976.943298 358.283630
-79.369057 -976.943298 260.893646
-79.358322 -978.746765 259.090118
-79.132889 -1016.619263 259.090118
-79.132889 -1016.619263 360.087128
EXTRUSION
END POLYGON
BEGIN POLYGON
HEIGHT
-78.105751 -73.585747
TYPE
0
POINTS
-79.680367 -924.643188 360.087128
-79.905800 -886.770630 360.087128
-79.916534 -884.967163 358.283630
-79.916534 -884.967163 260.893646
-79.905800 -886.770630 259.090118
-79.680367 -924.643188 259.090118
-79.680367 -924.643188 360.087128
EXTRUSION
END POLYGON
BEGIN POLYGON
HEIGHT
-78.105751 -73.585747
TYPE
0
POINTS
-80.227844 -832.666992 360.087128
-80.453278 -794.794434 360.087128
-80.464012 -792.990967 358.283630
-80.464012 -792.990967 260.893646
-80.453278 -794.794434 259.090118
-80.227844 -832.666992 259.090118
-80.227844 -832.666992 360.087128
EXTRUSION
END POLYGON
BEGIN POLYGON
HEIGHT
-78.105751 -73.585747
TYPE
0
POINTS
-80.775322 -740.690796 360.087128
-81.000755 -702.818237 360.087128
-81.011490 -701.014832 358.283630
-81.011490 -701.014832 260.893646
-81.000755 -702.818237 259.090118
-80.775322 -740.690796 259.090118
-80.775322 -740.690796 360.087128
EXTRUSION
END POLYGON
BEGIN POLYGON
HEIGHT
-78.105751 -73.585747
TYPE
0
POINTS
-72.563164 -2120.333252 197.770508
-72.788597 -2082.460693 197.770508
-72.799332 -2080.657227 195.966995
-72.799332 -2080.657227 93.166466
-72.788597 -2082.460693 91.362946
-72.563164 -2120.333252 91.362946
-72.563164 -2120.333252 197.770508
EXTRUSION
END POLYGON
BEGIN POLYGON
HEIGHT
-78.105751 -73.585747
TYPE
0
POINTS
-73.110641 -2028.357056 197.770508
-73.336075 -1990.484497 197.770508
-73.346809 -1988.681152 195.966995
-73.346809 -1988.681152 93.166466
-73.336075 -1990.484497 91.362946
-73.110641 -2028.357056 91.362946
-73.110641 -2028.357056 197.770508
EXTRUSION
END POLYGON
BEGIN POLYGON
HEIGHT
-78.105751 -73.585747
TYPE
0
POINTS
-73.658119 -1936.380859 197.770508
-73.883553 -1898.508423 197.770508
-73.894287 -1896.704956 195.966995
-73.894287 -1896.704956 93.166466
-73.883553 -1898.508423 91.362946
-73.658119 -1936.380859 91.362946
-73.658119 -1936.380859 197.770508
EXTRUSION
END POLYGON
BEGIN POLYGON
HEIGHT
-78.105751 -73.585747
TYPE
0
POINTS
-74.205597 -1844.404785 197.770508
-74.431030 -1806.532227 197.770508
-74.441765 -1804.728760 195.966995
-74.441765 -1804.728760 93.166466
-74.431030 -1806.532227 91.362946
-74.205597 -1844.404785 91.362946
-74.205597 -1844.404785 197.770508
EXTRUSION
END POLYGON
BEGIN POLYGON
HEIGHT
-78.105751 -73.585747
TYPE
0
POINTS
-74.753075 -1752.428711 197.770508
-74.978508 -1714.556152 197.770508
-74.989243 -1712.752563 195.966995
-74.989243 -1712.752563 93.166466
-74.978508 -1714.556152 91.362946
-74.753075 -1752.428711 91.362946
-74.753075 -1752.428711 197.770508
EXTRUSION
END POLYGON
BEGIN POLYGON
HEIGHT
-78.105751 -73.585747
TYPE
0
POINTS
-75.300552 -1660.452393 197.770508
-75.525986 -1622.579834 197.770508
-75.536720 -1620.776489 195.966995
-75.536720 -1620.776489 93.166466
-75.525986 -1622.579834 91.362946
-75.300552 -1660.452393 91.362946
-75.300552 -1660.452393 197.770508
EXTRUSION
END POLYGON
BEGIN POLYGON
HEIGHT
-78.105751 -73.585747
TYPE
0
POINTS
-75.848030 -1568.476318 197.770508
-76.073456 -1530.603760 197.770508
-76.084198 -1528.800171 195.966995
-76.084198 -1528.800171 93.166466
-76.073456 -1530.603760 91.362946
-75.848030 -1568.476318 91.362946
-75.848030 -1568.476318 197.770508
EXTRUSION
END POLYGON
BEGIN POLYGON
HEIGHT
-78.105751 -73.585747
TYPE
0
POINTS
-76.395508 -1476.500122 197.770508
-76.620934 -1438.627563 197.770508
-76.631668 -1436.824097 195.966995
-76.631668 -1436.824097 93.166466
-76.620934 -1438.627563 91.362946
-76.395508 -1476.500122 91.362946
-76.395508 -1476.500122 197.770508
EXTRUSION
END POLYGON
BEGIN POLYGON
HEIGHT
-78.105751 -73.585747
TYPE
0
POINTS
-76.942978 -1384.523926 197.770508
-77.168411 -1346.651367 197.770508
-77.179146 -1344.848022 195.966995
-77.179146 -1344.848022 93.166466
-77.168411 -1346.651367 91.362946
-76.942978 -1384.523926 91.362946
-76.942978 -1384.523926 197.770508
EXTRUSION
END POLYGON
BEGIN POLYGON
HEIGHT
-78.105751 -73.585747
TYPE
0
POINTS
-77.490456 -1292.547729 197.770508
-77.715889 -1254.675293 197.770508
-77.726624 -1252.871826 195.966995
-77.726624 -1252.871826 93.166466
-77.715889 -1254.675293 91.362946
-77.490456 -1292.547729 91.362946
-77.490456 -1292.547729 197.770508
EXTRUSION
END POLYGON
BEGIN POLYGON
HEIGHT
-78.105751 -73.585747
TYPE
0
POINTS
-78.037933 -1200.571655 197.770508
-78.263367 -1162.699097 197.770508
-78.274101 -1160.895630 195.966995
-78.274101 -1160.895630 93.166466
-78.263367 -1162.699097 91.362946
-78.037933 -1200.571655 91.362946
-78.037933 -1200.571655 197.770508
EXTRUSION
END POLYGON
BEGIN POLYGON
HEIGHT
-78.105751 -73.585747
TYPE
0
POINTS
-78.585411 -1108.595459 197.770508
-78.810844 -1070.722900 197.770508
-78.821579 -1068.919434 195.966995
-78.821579 -1068.919434 93.166466
-78.810844 -1070.722900 91.362946
-78.585411 -1108.595459 91.362946
-78.585411 -1108.595459 197.770508
EXTRUSION
END POLYGON
BEGIN POLYGON
HEIGHT
-78.105751 -73.585747
TYPE
0
POINTS
-79.132889 -1016.619263 197.770508
-79.358322 -978.746765 197.770508
-79.369057 -976.943298 195.966995
-79.369057 -976.943298 93.166466
-79.358322 -978.746765 91.362946
-79.132889 -1016.619263 91.362946
-79.132889 -1016.619263 197.770508
EXTRUSION
END POLYGON
BEGIN POLYGON
HEIGHT
-78.105751 -73.585747
TYPE
0
POINTS
-79.680367 -924.643188 197.770508
-79.905800 -886.770630 197.770508
-79.916534 -884.967163 195.966995
-79.916534 -884.967163 93.166466
-79.905800 -886.770630 91.362946
-79.680367 -924.643188 91.362946
-79.680367 -924.643188 197.770508
EXTRUSION
END POLYGON
BEGIN POLYGON
HEIGHT
-78.105751 -73.585747
TYPE
0
POINTS
-80.227844 -832.666992 197.770508
-80.453278 -794.794434 197.770508
-80.464012 -792.990967 195.966995
-80.464012 -792.990967 93.166466
-80.453278 -794.794434 91.362946
-80.227844 -832.666992 91.362946
-80.227844 -832.666992 197.770508
EXTRUSION
END POLYGON
BEGIN POLYGON
HEIGHT
-78.105751 -73.585747
TYPE
0
POINTS
-80.775322 -740.690796 197.770508
-81.000755 -702.818237 197.770508
-81.011490 -701.014832 195.966995
-81.011490 -701.014832 93.166466
-81.000755 -702.818237 91.362946
-80.775322 -740.690796 91.362946
-80.775322 -740.690796 197.770508
EXTRUSION
END POLYGON
BEGIN POLYGON
HEIGHT
-78.105751 -73.585747
TYPE
0
POINTS
-72.563164 -2120.333252 40.864441
-72.788597 -2082.460693 40.864441
-72.799332 -2080.657227 39.060921
-72.799332 -2080.657227 6.597597
-72.788597 -2082.460693 4.794078
-72.563164 -2120.333252 4.794078
-72.563164 -2120.333252 40.864441
EXTRUSION
END POLYGON
BEGIN POLYGON
HEIGHT
-78.105751 -73.585747
TYPE
0
POINTS
-73.110641 -2028.357056 40.864441
-73.336075 -1990.484497 40.864441
-73.346809 -1988.681152 39.060921
-73.346809 -1988.681152 6.597597
-73.336075 -1990.484497 4.794078
-73.110641 -2028.357056 4.794078
-73.110641 -2028.357056 40.864441
EXTRUSION
END POLYGON
BEGIN POLYGON
HEIGHT
-78.105751 -73.585747
TYPE
0
POINTS
-73.658119 -1936.380859 40.864441
-73.883553 -1898.508423 40.864441
-73.894287 -1896.704956 39.060921
-73.894287 -1896.704956 6.597597
-73.883553 -1898.508423 4.794078
-73.658119 -1936.380859 4.794078
-73.658119 -1936.380859 40.864441
EXTRUSION
END POLYGON
BEGIN POLYGON
HEIGHT
-78.105751 -73.585747
TYPE
0
POINTS
-74.205597 -1844.404785 40.864441
-74.431030 -1806.532227 40.864441
-74.441765 -1804.728760 39.060921
-74.441765 -1804.728760 6.597597
-74.431030 -1806.532227 4.794078
-74.205597 -1844.404785 4.794078
-74.205597 -1844.404785 40.864441
EXTRUSION
END POLYGON
BEGIN POLYGON
HEIGHT
-78.105751 -73.585747
TYPE
0
POINTS
-74.753075 -1752.428711 40.864441
-74.978508 -1714.556152 40.864441
-74.989243 -1712.752563 39.060921
-74.989243 -1712.752563 6.597597
-74.978508 -1714.556152 4.794078
-74.753075 -1752.428711 4.794078
-74.753075 -1752.428711 40.864441
EXTRUSION
END POLYGON
BEGIN POLYGON
HEIGHT
-78.105751 -73.585747
TYPE
0
POINTS
-75.300552 -1660.452393 40.864441
-75.525986 -1622.579834 40.864441
-75.536720 -1620.776489 39.060921
-75.536720 -1620.776489 6.597597
-75.525986 -1622.579834 4.794078
-75.300552 -1660.452393 4.794078
-75.300552 -1660.452393 40.864441
EXTRUSION
END POLYGON
BEGIN POLYGON
HEIGHT
-78.105751 -73.585747
TYPE
0
POINTS
-75.848030 -1568.476318 40.864441
-76.073456 -1530.603760 40.864441
-76.084198 -1528.800171 39.060921
-76.084198 -1528.800171 6.597597
-76.073456 -1530.603760 4.794078
-75.848030 -1568.476318 4.794078
-75.848030 -1568.476318 40.864441
EXTRUSION
END POLYGON
BEGIN POLYGON
HEIGHT
-78.105751 -73.585747
TYPE
0
POINTS
-76.395508 -1476.500122 40.864441
-76.620934 -1438.627563 40.864441
-76.631668 -1436.824097 39.060921
-76.631668 -1436.824097 6.597597
-76.620934 -1438.627563 4.794078
-76.395508 -1476.500122 4.794078
-76.395508 -1476.500122 40.864441
EXTRUSION
END POLYGON
BEGIN POLYGON
HEIGHT
-78.105751 -73.585747
TYPE
0
POINTS
-76.942978 -1384.523926 40.864441
-77.168411 -1346.651367 40.864441
-77.179146 -1344.848022 39.060921
-77.179146 -1344.848022 6.597597
-77.168411 -1346.651367 4.794078
-76.942978 -1384.523926 4.794078
-76.942978 -1384.523926 40.864441
EXTRUSION
END POLYGON
BEGIN POLYGON
HEIGHT
-78.105751 -73.585747
TYPE
0
POINTS
-77.490456 -1292.547729 40.864441
-77.715889 -1254.675293 40.864441
-77.726624 -1252.871826 39.060921
-77.726624 -1252.871826 6.597597
-77.715889 -1254.675293 4.794078
-77.490456 -1292.547729 4.794078
-77.490456 -1292.547729 40.864441
EXTRUSION
END POLYGON
BEGIN POLYGON
HEIGHT
-78.105751 -73.585747
TYPE
0
POINTS
-78.037933 -1200.571655 40.864441
-78.263367 -1162.699097 40.864441
-78.274101 -1160.895630 39.060921
-78.274101 -1160.895630 6.597597
-78.263367 -1162.699097 4.794078
-78.037933 -1200.571655 4.794078
-78.037933 -1200.571655 40.864441
EXTRUSION
END POLYGON
BEGIN POLYGON
HEIGHT
-78.105751 -73.585747
TYPE
0
POINTS
-78.585411 -1108.595459 40.864441
-78.810844 -1070.722900 40.864441
-78.821579 -1068.919434 39.060921
-78.821579 -1068.919434 6.597597
-78.810844 -1070.722900 4.794078
-78.585411 -1108.595459 4.794078
-78.585411 -1108.595459 40.864441
EXTRUSION
END POLYGON
BEGIN POLYGON
HEIGHT
-78.105751 -73.585747
TYPE
0
POINTS
-79.132889 -1016.619263 40.864441
-79.358322 -978.746765 40.864441
-79.369057 -976.943298 39.060921
-79.369057 -976.943298 6.597597
-79.358322 -978.746765 4.794078
-79.132889 -1016.619263 4.794078
-79.132889 -1016.619263 40.864441
EXTRUSION
END POLYGON
BEGIN POLYGON
HEIGHT
-78.105751 -73.585747
TYPE
0
POINTS
-79.680367 -924.643188 40.864441
-79.905800 -886.770630 40.864441
-79.916534 -884.967163 39.060921
-79.916534 -884.967163 6.597597
-79.905800 -886.770630 4.794078
-79.680367 -924.643188 4.794078
-79.680367 -924.643188 40.864441
EXTRUSION
END POLYGON
BEGIN POLYGON
HEIGHT
-78.105751 -73.585747
TYPE
0
POINTS
-80.227844 -832.666992 40.864441
-80.453278 -794.794434 40.864441
-80.464012 -792.990967 39.060921
-80.464012 -792.990967 6.597597
-80.453278 -794.794434 4.794078
-80.227844 -832.666992 4.794078
-80.227844 -832.666992 40.864441
EXTRUSION
END POLYGON
BEGIN POLYGON
HEIGHT
-78.105751 -73.585747
TYPE
0
POINTS
-80.775322 -740.690796 40.864441
-81.000755 -702.818237 40.864441
-81.011490 -701.014832 39.060921
-81.011490 -701.014832 6.597597
-81.000755 -702.818237 4.794078
-80.775322 -740.690796 4.794078
-80.775322 -740.690796 40.864441
EXTRUSION
END POLYGON
BEGIN POLYGON
HEIGHT
-2156.893555 -2152.276611
TYPE
0
POINTS
-114.110382 -2161.723389 679.058044
-189.326004 -2161.723389 679.058044
-189.326004 -2161.723389 594.308044
-114.110382 -2161.723389 594.308044
-114.110382 -2161.723389 679.058044
EXTRUSION
END POLYGON
BEGIN POLYGON
HEIGHT
-2156.893555 -2152.276611
TYPE
0
POINTS
-235.938507 -2161.723389 679.058044
-276.194763 -2161.723389 679.058044
-276.194763 -2161.723389 594.308044
-235.938507 -2161.723389 594.308044
-235.938507 -2161.723389 679.058044
EXTRUSION
END POLYGON
BEGIN POLYGON
HEIGHT
-2156.893555 -2152.276611
TYPE
0
POINTS
-322.807251 -2161.723389 679.058044
-497.604156 -2161.723389 679.058044
-498.663513 -2161.723389 677.998718
-498.663513 -2161.723389 595.367432
-497.604156 -2161.723389 594.308044
-322.807251 -2161.723389 594.308044
-322.807251 -2161.723389 679.058044
EXTRUSION
END POLYGON
BEGIN POLYGON
HEIGHT
-2156.893555 -2152.276611
TYPE
0
POINTS
-545.276001 -2161.723389 679.058044
-720.072937 -2161.723389 679.058044
-721.132263 -2161.723389 677.998718
-721.132263 -2161.723389 595.367432
-720.072937 -2161.723389 594.308044
-545.276001 -2161.723389 594.308044
-545.276001 -2161.723389 679.058044
EXTRUSION
END POLYGON
BEGIN POLYGON
HEIGHT
-2156.893555 -2152.276611
TYPE
0
POINTS
-767.744812 -2161.723389 679.058044
-808.001038 -2161.723389 679.058044
-808.001038 -2161.723389 594.308044
-767.744812 -2161.723389 594.308044
-767.744812 -2161.723389 679.058044
EXTRUSION
END POLYGON
BEGIN POLYGON
HEIGHT
-2156.893555 -2152.276611
TYPE
0
POINTS
-854.613525 -2161.723389 603.842407
-929.829163 -2161.723389 603.842407
-929.829163 -2161.723389 518.033081
-928.769775 -2161.723389 516.973694
-855.672913 -2161.723389 516.973694
-854.613525 -2161.723389 518.033081
-854.613525 -2161.723389 603.842407
EXTRUSION
END POLYGON
BEGIN POLYGON
HEIGHT
-2156.893555 -2152.276611
TYPE
0
POINTS
-114.110382 -2161.723389 524.389282
-189.326004 -2161.723389 524.389282
-189.326004 -2161.723389 438.579926
-114.110382 -2161.723389 438.579926
-114.110382 -2161.723389 524.389282
EXTRUSION
END POLYGON
BEGIN POLYGON
HEIGHT
-2156.893555 -2152.276611
TYPE
0
POINTS
-235.938507 -2161.723389 524.389282
-276.194763 -2161.723389 524.389282
-276.194763 -2161.723389 438.579926
-235.938507 -2161.723389 438.579926
-235.938507 -2161.723389 524.389282
EXTRUSION
END POLYGON
BEGIN POLYGON
HEIGHT
-2156.893555 -2152.276611
TYPE
0
POINTS
-322.807251 -2161.723389 524.389282
-497.604156 -2161.723389 524.389282
-498.663513 -2161.723389 523.329956
-498.663513 -2161.723389 438.579926
-323.866638 -2161.723389 438.579926
-322.807251 -2161.723389 439.639313
-322.807251 -2161.723389 524.389282
EXTRUSION
END POLYGON
BEGIN POLYGON
HEIGHT
-2156.893555 -2152.276611
TYPE
0
POINTS
-545.276001 -2161.723389 524.389282
-720.072937 -2161.723389 524.389282
-721.132263 -2161.723389 523.329956
-721.132263 -2161.723389 438.579926
-546.335388 -2161.723389 438.579926
-545.276001 -2161.723389 439.639313
-545.276001 -2161.723389 524.389282
EXTRUSION
END POLYGON
BEGIN POLYGON
HEIGHT
-2156.893555 -2152.276611
TYPE
0
POINTS
-767.744812 -2161.723389 524.389282
-808.001038 -2161.723389 524.389282
-808.001038 -2161.723389 438.579926
-767.744812 -2161.723389 438.579926
-767.744812 -2161.723389 524.389282
EXTRUSION
END POLYGON
BEGIN POLYGON
HEIGHT
-2156.893555 -2152.276611
TYPE
0
POINTS
-854.613525 -2161.723389 361.245544
-929.829163 -2161.723389 361.245544
-929.829163 -2161.723389 335.820557
-854.613525 -2161.723389 335.820557
-854.613525 -2161.723389 361.245544
EXTRUSION
END POLYGON
BEGIN POLYGON
HEIGHT
-2156.893555 -2152.276611
TYPE
0
POINTS
-114.110382 -2161.723389 359.126801
-189.326004 -2161.723389 359.126801
-189.326004 -2161.723389 260.604919
-188.266632 -2161.723389 259.545532
-115.169754 -2161.723389 259.545532
-114.110382 -2161.723389 260.604919
-114.110382 -2161.723389 359.126801
EXTRUSION
END POLYGON
BEGIN POLYGON
HEIGHT
-2156.893555 -2152.276611
TYPE
0
POINTS
-235.938507 -2161.723389 359.126801
-276.194763 -2161.723389 359.126801
-276.194763 -2161.723389 260.604919
-275.135376 -2161.723389 259.545532
-236.997879 -2161.723389 259.545532
-235.938507 -2161.723389 260.604919
-235.938507 -2161.723389 359.126801
EXTRUSION
END POLYGON
BEGIN POLYGON
HEIGHT
-2156.893555 -2152.276611
TYPE
0
POINTS
-322.807251 -2161.723389 359.126801
-497.604156 -2161.723389 359.126801
-498.663513 -2161.723389 358.067413
-498.663513 -2161.723389 259.545532
-323.866638 -2161.723389 259.545532
-322.807251 -2161.723389 260.604919
-322.807251 -2161.723389 359.126801
EXTRUSION
END POLYGON
BEGIN POLYGON
HEIGHT
-2156.893555 -2152.276611
TYPE
0
POINTS
-545.276001 -2161.723389 359.126801
-720.072937 -2161.723389 359.126801
-721.132263 -2161.723389 358.067413
-721.132263 -2161.723389 259.545532
-546.335388 -2161.723389 259.545532
-545.276001 -2161.723389 260.604919
-545.276001 -2161.723389 359.126801
EXTRUSION
END POLYGON
BEGIN POLYGON
HEIGHT
-2156.893555 -2152.276611
TYPE
0
POINTS
-767.744812 -2161.723389 359.126801
-808.001038 -2161.723389 359.126801
-808.001038 -2161.723389 260.604919
-806.941650 -2161.723389 259.545532
-768.804138 -2161.723389 259.545532
-767.744812 -2161.723389 260.604919
-767.744812 -2161.723389 359.126801
EXTRUSION
END POLYGON
BEGIN POLYGON
HEIGHT
-2156.893555 -2152.276611
TYPE
0
POINTS
-854.613525 -2161.723389 268.020538
-929.829163 -2161.723389 268.020538
-929.829163 -2161.723389 182.211151
-928.769775 -2161.723389 181.151779
-855.672913 -2161.723389 181.151779
-854.613525 -2161.723389 182.211151
-854.613525 -2161.723389 268.020538
EXTRUSION
END POLYGON
BEGIN POLYGON
HEIGHT
-2156.893555 -2152.276611
TYPE
0
POINTS
-114.110382 -2161.723389 198.101776
-189.326004 -2161.723389 198.101776
-189.326004 -2161.723389 91.104904
-114.110382 -2161.723389 91.104904
-114.110382 -2161.723389 198.101776
EXTRUSION
END POLYGON
BEGIN POLYGON
HEIGHT
-2156.893555 -2152.276611
TYPE
0
POINTS
-235.938507 -2161.723389 198.101776
-276.194763 -2161.723389 198.101776
-276.194763 -2161.723389 91.104904
-235.938507 -2161.723389 91.104904
-235.938507 -2161.723389 198.101776
EXTRUSION
END POLYGON
BEGIN POLYGON
HEIGHT
-2156.893555 -2152.276611
TYPE
0
POINTS
-322.807251 -2161.723389 198.101776
-497.604156 -2161.723389 198.101776
-498.663513 -2161.723389 197.042404
-498.663513 -2161.723389 92.164276
-497.604156 -2161.723389 91.104904
-322.807251 -2161.723389 91.104904
-322.807251 -2161.723389 198.101776
EXTRUSION
END POLYGON
BEGIN POLYGON
HEIGHT
-2156.893555 -2152.276611
TYPE
0
POINTS
-545.276001 -2161.723389 198.101776
-720.072937 -2161.723389 198.101776
-721.132263 -2161.723389 197.042404
-721.132263 -2161.723389 92.164276
-720.072937 -2161.723389 91.104904
-545.276001 -2161.723389 91.104904
-545.276001 -2161.723389 198.101776
EXTRUSION
END POLYGON
BEGIN POLYGON
HEIGHT
-2156.893555 -2152.276611
TYPE
0
POINTS
-767.744812 -2161.723389 198.101776
-808.001038 -2161.723389 198.101776
-808.001038 -2161.723389 91.104904
-767.744812 -2161.723389 91.104904
-767.744812 -2161.723389 198.101776
EXTRUSION
END POLYGON
BEGIN POLYGON
HEIGHT
-2156.893555 -2152.276611
TYPE
0
POINTS
-855.672913 -2161.723389 121.826775
-927.710388 -2161.723389 121.826775
-927.710388 -2161.723389 7.414270
-926.651062 -2161.723389 6.354895
-856.732300 -2161.723389 6.354895
-855.672913 -2161.723389 7.414270
-855.672913 -2161.723389 121.826775
EXTRUSION
END POLYGON
BEGIN POLYGON
HEIGHT
-2156.893555 -2152.276611
TYPE
0
POINTS
-114.110382 -2161.723389 40.254898
-189.326004 -2161.723389 40.254898
-189.326004 -2161.723389 5.295520
-188.266632 -2161.723389 4.236145
-115.169754 -2161.723389 4.236145
-114.110382 -2161.723389 5.295520
-114.110382 -2161.723389 40.254898
EXTRUSION
END POLYGON
BEGIN POLYGON
HEIGHT
-2156.893555 -2152.276611
TYPE
0
POINTS
-235.938507 -2161.723389 40.254898
-276.194763 -2161.723389 40.254898
-276.194763 -2161.723389 5.295520
-275.135376 -2161.723389 4.236145
-236.997879 -2161.723389 4.236145
-235.938507 -2161.723389 5.295520
-235.938507 -2161.723389 40.254898
EXTRUSION
END POLYGON
BEGIN POLYGON
HEIGHT
-2156.893555 -2152.276611
TYPE
0
POINTS
-322.807251 -2161.723389 40.254898
-497.604156 -2161.723389 40.254898
-498.663513 -2161.723389 39.195522
-498.663513 -2161.723389 4.236145
-323.866638 -2161.723389 4.236145
-322.807251 -2161.723389 5.295520
-322.807251 -2161.723389 40.254898
EXTRUSION
END POLYGON
BEGIN POLYGON
HEIGHT
-2156.893555 -2152.276611
TYPE
0
POINTS
-545.276001 -2161.723389 40.254898
-720.072937 -2161.723389 40.254898
-721.132263 -2161.723389 39.195522
-721.132263 -2161.723389 4.236145
-546.335388 -2161.723389 4.236145
-545.276001 -2161.723389 5.295520
-545.276001 -2161.723389 40.254898
EXTRUSION
END POLYGON
BEGIN POLYGON
HEIGHT
-2156.893555 -2152.276611
TYPE
0
POINTS
-767.744812 -2161.723389 40.254898
-808.001038 -2161.723389 40.254898
-808.001038 -2161.723389 5.295520
-806.941650 -2161.723389 4.236145
-768.804138 -2161.723389 4.236145
-767.744812 -2161.723389 5.295520
-767.744812 -2161.723389 40.254898
EXTRUSION
END POLYGON
BEGIN POLYGON
HEIGHT
-1424.328491 -1419.711548
TYPE
0
POINTS
-929.829163 -1417.707520 679.058044
-952.076050 -1417.707520 679.058044
-952.076050 -1417.707520 594.308044
-929.829163 -1417.707520 594.308044
-929.829163 -1417.707520 679.058044
EXTRUSION
END POLYGON
BEGIN POLYGON
HEIGHT
-1424.328491 -1419.711548
TYPE
0
POINTS
-929.829163 -1417.707520 524.389282
-952.076050 -1417.707520 524.389282
-952.076050 -1417.707520 438.579926
-929.829163 -1417.707520 438.579926
-929.829163 -1417.707520 524.389282
EXTRUSION
END POLYGON
BEGIN POLYGON
HEIGHT
-1424.328491 -1419.711548
TYPE
0
POINTS
-929.829163 -1417.707520 359.126801
-952.076050 -1417.707520 359.126801
-952.076050 -1417.707520 260.604919
-951.016663 -1417.707520 259.545532
-929.829163 -1417.707520 259.545532
-929.829163 -1417.707520 359.126801
EXTRUSION
END POLYGON
BEGIN POLYGON
HEIGHT
-1224.258301 -1219.641235
TYPE
0
POINTS
-929.829163 -1225.012817 679.058044
-952.076050 -1225.012817 679.058044
-952.076050 -1225.012817 594.308044
-929.829163 -1225.012817 594.308044
-929.829163 -1225.012817 679.058044
EXTRUSION
END POLYGON
BEGIN POLYGON
HEIGHT
-1224.258301 -1219.641235
TYPE
0
POINTS
-929.829163 -1225.012817 524.389282
-952.076050 -1225.012817 524.389282
-952.076050 -1225.012817 438.579926
-929.829163 -1225.012817 438.579926
-929.829163 -1225.012817 524.389282
EXTRUSION
END POLYGON
BEGIN POLYGON
HEIGHT
-1224.258301 -1219.641235
TYPE
0
POINTS
-929.829163 -1225.012817 359.126801
-952.076050 -1225.012817 359.126801
-952.076050 -1225.012817 260.604919
-951.016663 -1225.012817 259.545532
-929.829163 -1225.012817 259.545532
-929.829163 -1225.012817 359.126801
EXTRUSION
END POLYGON
BEGIN POLYGON
HEIGHT
-667.139526 -664.061523
TYPE
0
POINTS
-776.246399 -664.414124 828.429932
-816.498779 -664.806824 828.429932
-816.498779 -664.806824 742.620544
-776.246399 -664.414124 742.620544
-776.246399 -664.414124 828.429932
EXTRUSION
END POLYGON
BEGIN POLYGON
HEIGHT
-667.139526 -664.061523
TYPE
0
POINTS
-121.504875 -664.571716 679.058044
-159.639801 -664.257813 679.058044
-160.699097 -664.249146 677.998718
-160.699097 -664.249146 595.367432
-159.639801 -664.257813 594.308044
-121.504875 -664.571716 594.308044
-121.504875 -664.571716 679.058044
EXTRUSION
END POLYGON
BEGIN POLYGON
HEIGHT
-667.139526 -664.061523
TYPE
0
POINTS
-216.842178 -663.787048 679.058044
-257.095673 -663.455750 679.058044
-257.095673 -663.455750 594.308044
-216.842178 -663.787048 594.308044
-216.842178 -663.787048 679.058044
EXTRUSION
END POLYGON
BEGIN POLYGON
HEIGHT
-667.139526 -664.061523
TYPE
0
POINTS
-327.009705 -662.880310 679.058044
-360.907410 -662.601318 679.058044
-360.907410 -662.601318 594.308044
-327.009705 -662.880310 594.308044
-327.009705 -662.880310 679.058044
EXTRUSION
END POLYGON
BEGIN POLYGON
HEIGHT
-667.139526 -664.061523
TYPE
0
POINTS
-408.576050 -662.208984 679.058044
-442.473755 -661.929993 679.058044
-442.473755 -661.929993 594.308044
-408.576050 -662.208984 594.308044
-408.576050 -662.208984 679.058044
EXTRUSION
END POLYGON
BEGIN POLYGON
HEIGHT
-667.139526 -664.061523
TYPE
0
POINTS
-537.909668 -662.088867 679.058044
-571.806396 -662.419556 679.058044
-571.806396 -662.419556 594.308044
-537.909668 -662.088867 594.308044
-537.909668 -662.088867 679.058044
EXTRUSION
END POLYGON
BEGIN POLYGON
HEIGHT
-667.139526 -664.061523
TYPE
0
POINTS
-606.762512 -662.760620 679.058044
-640.659241 -663.091309 679.058044
-640.659241 -663.091309 594.308044
-606.762512 -662.760620 594.308044
-606.762512 -662.760620 679.058044
EXTRUSION
END POLYGON
BEGIN POLYGON
HEIGHT
-667.139526 -664.061523
TYPE
0
POINTS
-675.615356 -663.432373 679.058044
-707.393555 -663.742371 679.058044
-708.452820 -663.752686 677.998718
-708.452820 -663.752686 595.367432
-707.393555 -663.742371 594.308044
-675.615356 -663.432373 594.308044
-675.615356 -663.432373 679.058044
EXTRUSION
END POLYGON
BEGIN POLYGON
HEIGHT
-667.139526 -664.061523
TYPE
0
POINTS
-776.246399 -664.414124 679.058044
-816.498779 -664.806824 679.058044
-816.498779 -664.806824 594.308044
-776.246399 -664.414124 594.308044
-776.246399 -664.414124 679.058044
EXTRUSION
END POLYGON
BEGIN POLYGON
HEIGHT
-667.139526 -664.061523
TYPE
0
POINTS
-890.647949 -665.530212 589.011169
-928.781860 -665.902283 589.011169
-929.841125 -665.912598 587.951782
-929.841125 -665.912598 503.201813
-891.707275 -665.540527 503.201813
-890.647949 -665.530212 504.261169
-890.647949 -665.530212 589.011169
EXTRUSION
END POLYGON
BEGIN POLYGON
HEIGHT
-667.139526 -664.061523
TYPE
0
POINTS
-121.504875 -664.571716 524.389282
-159.639801 -664.257813 524.389282
-160.699097 -664.249146 523.329956
-160.699097 -664.249146 438.579926
-122.564171 -664.562988 438.579926
-121.504875 -664.571716 439.639313
-121.504875 -664.571716 524.389282
EXTRUSION
END POLYGON
BEGIN POLYGON
HEIGHT
-667.139526 -664.061523
TYPE
0
POINTS
-216.842178 -663.787048 524.389282
-257.095673 -663.455750 524.389282
-257.095673 -663.455750 438.579926
-216.842178 -663.787048 438.579926
-216.842178 -663.787048 524.389282
EXTRUSION
END POLYGON
BEGIN POLYGON
HEIGHT
-667.139526 -664.061523
TYPE
0
POINTS
-327.009705 -662.880310 524.389282
-360.907410 -662.601318 524.389282
-360.907410 -662.601318 438.579926
-327.009705 -662.880310 438.579926
-327.009705 -662.880310 524.389282
EXTRUSION
END POLYGON
BEGIN POLYGON
HEIGHT
-667.139526 -664.061523
TYPE
0
POINTS
-408.576050 -662.208984 524.389282
-442.473755 -661.929993 524.389282
-442.473755 -661.929993 438.579926
-408.576050 -662.208984 438.579926
-408.576050 -662.208984 524.389282
EXTRUSION
END POLYGON
BEGIN POLYGON
HEIGHT
-667.139526 -664.061523
TYPE
0
POINTS
-537.909668 -662.088867 524.389282
-571.806396 -662.419556 524.389282
-571.806396 -662.419556 438.579926
-537.909668 -662.088867 438.579926
-537.909668 -662.088867 524.389282
EXTRUSION
END POLYGON
BEGIN POLYGON
HEIGHT
-667.139526 -664.061523
TYPE
0
POINTS
-606.762512 -662.760620 524.389282
-640.659241 -663.091309 524.389282
-640.659241 -663.091309 438.579926
-606.762512 -662.760620 438.579926
-606.762512 -662.760620 524.389282
EXTRUSION
END POLYGON
BEGIN POLYGON
HEIGHT
-667.139526 -664.061523
TYPE
0
POINTS
-675.615356 -663.432373 524.389282
-707.393555 -663.742371 524.389282
-708.452820 -663.752686 523.329956
-708.452820 -663.752686 438.579926
-676.674622 -663.442688 438.579926
-675.615356 -663.432373 439.639313
-675.615356 -663.432373 524.389282
EXTRUSION
END POLYGON
BEGIN POLYGON
HEIGHT
-667.139526 -664.061523
TYPE
0
POINTS
-776.246399 -664.414124 524.389282
-816.498779 -664.806824 524.389282
-816.498779 -664.806824 438.579926
-776.246399 -664.414124 438.579926
-776.246399 -664.414124 524.389282
EXTRUSION
END POLYGON
BEGIN POLYGON
HEIGHT
-667.139526 -664.061523
TYPE
0
POINTS
-890.647949 -665.530212 415.273682
-928.781860 -665.902283 415.273682
-929.841125 -665.912598 414.214294
-929.841125 -665.912598 315.692413
-891.707275 -665.540527 315.692413
-890.647949 -665.530212 316.751801
-890.647949 -665.530212 415.273682
EXTRUSION
END POLYGON
BEGIN POLYGON
HEIGHT
-667.139526 -664.061523
TYPE
0
POINTS
-121.504875 -664.571716 359.126801
-159.639801 -664.257813 359.126801
-160.699097 -664.249146 358.067413
-160.699097 -664.249146 259.545532
-122.564171 -664.562988 259.545532
-121.504875 -664.571716 260.604919
-121.504875 -664.571716 359.126801
EXTRUSION
END POLYGON
BEGIN POLYGON
HEIGHT
-667.139526 -664.061523
TYPE
0
POINTS
-216.842178 -663.787048 359.126801
-257.095673 -663.455750 359.126801
-257.095673 -663.455750 260.604919
-256.036407 -663.464417 259.545532
-217.901474 -663.778320 259.545532
-216.842178 -663.787048 260.604919
-216.842178 -663.787048 359.126801
EXTRUSION
END POLYGON
BEGIN POLYGON
HEIGHT
-667.139526 -664.061523
TYPE
0
POINTS
-327.009705 -662.880310 359.126801
-360.907410 -662.601318 359.126801
-360.907410 -662.601318 260.604919
-359.848114 -662.610046 259.545532
-328.069000 -662.871582 259.545532
-327.009705 -662.880310 260.604919
-327.009705 -662.880310 359.126801
EXTRUSION
END POLYGON
BEGIN POLYGON
HEIGHT
-667.139526 -664.061523
TYPE
0
POINTS
-408.576050 -662.208984 359.126801
-442.473755 -661.929993 359.126801
-442.473755 -661.929993 260.604919
-441.414459 -661.938721 259.545532
-409.635376 -662.200256 259.545532
-408.576050 -662.208984 260.604919
-408.576050 -662.208984 359.126801
EXTRUSION
END POLYGON
BEGIN POLYGON
HEIGHT
-667.139526 -664.061523
TYPE
0
POINTS
-537.909668 -662.088867 359.126801
-571.806396 -662.419556 359.126801
-571.806396 -662.419556 260.604919
-570.747192 -662.409241 259.545532
-538.968994 -662.099182 259.545532
-537.909668 -662.088867 260.604919
-537.909668 -662.088867 359.126801
EXTRUSION
END POLYGON
BEGIN POLYGON
HEIGHT
-667.139526 -664.061523
TYPE
0
POINTS
-606.762512 -662.760620 359.126801
-640.659241 -663.091309 359.126801
-640.659241 -663.091309 260.604919
-639.600037 -663.080994 259.545532
-607.821777 -662.770935 259.545532
-606.762512 -662.760620 260.604919
-606.762512 -662.760620 359.126801
EXTRUSION
END POLYGON
BEGIN POLYGON
HEIGHT
-667.139526 -664.061523
TYPE
0
POINTS
-675.615356 -663.432373 359.126801
-707.393555 -663.742371 359.126801
-708.452820 -663.752686 358.067413
-708.452820 -663.752686 259.545532
-676.674622 -663.442688 259.545532
-675.615356 -663.432373 260.604919
-675.615356 -663.432373 359.126801
EXTRUSION
END POLYGON
BEGIN POLYGON
HEIGHT
-667.139526 -664.061523
TYPE
0
POINTS
-776.246399 -664.414124 359.126801
-816.498779 -664.806824 359.126801
-816.498779 -664.806824 260.604919
-815.439575 -664.796509 259.545532
-777.305664 -664.424438 259.545532
-776.246399 -664.414124 260.604919
-776.246399 -664.414124 359.126801
EXTRUSION
END POLYGON
BEGIN POLYGON
HEIGHT
-667.139526 -664.061523
TYPE
0
POINTS
-121.504875 -664.571716 198.101776
-159.639801 -664.257813 198.101776
-160.699097 -664.249146 197.042404
-160.699097 -664.249146 92.164276
-159.639801 -664.257813 91.104904
-121.504875 -664.571716 91.104904
-121.504875 -664.571716 198.101776
EXTRUSION
END POLYGON
BEGIN POLYGON
HEIGHT
-667.139526 -664.061523
TYPE
0
POINTS
-216.842178 -663.787048 198.101776
-257.095673 -663.455750 198.101776
-257.095673 -663.455750 91.104904
-216.842178 -663.787048 91.104904
-216.842178 -663.787048 198.101776
EXTRUSION
END POLYGON
BEGIN POLYGON
HEIGHT
-667.139526 -664.061523
TYPE
0
POINTS
-327.009705 -662.880310 198.101776
-360.907410 -662.601318 198.101776
-360.907410 -662.601318 91.104904
-327.009705 -662.880310 91.104904
-327.009705 -662.880310 198.101776
EXTRUSION
END POLYGON
BEGIN POLYGON
HEIGHT
-667.139526 -664.061523
TYPE
0
POINTS
-408.576050 -662.208984 198.101776
-442.473755 -661.929993 198.101776
-442.473755 -661.929993 91.104904
-408.576050 -662.208984 91.104904
-408.576050 -662.208984 198.101776
EXTRUSION
END POLYGON
BEGIN POLYGON
HEIGHT
-667.139526 -664.061523
TYPE
0
POINTS
-537.909668 -662.088867 188.567413
-571.806396 -662.419556 188.567413
-571.806396 -662.419556 166.320526
-537.909668 -662.088867 166.320526
-537.909668 -662.088867 188.567413
EXTRUSION
END POLYGON
BEGIN POLYGON
HEIGHT
-667.139526 -664.061523
TYPE
0
POINTS
-602.525452 -662.719299 188.567413
-636.422180 -663.049988 188.567413
-636.422180 -663.049988 166.320526
-602.525452 -662.719299 166.320526
-602.525452 -662.719299 188.567413
EXTRUSION
END POLYGON
BEGIN POLYGON
HEIGHT
-667.139526 -664.061523
TYPE
0
POINTS
-675.615356 -663.432373 188.567413
-707.393555 -663.742371 188.567413
-708.452820 -663.752686 187.508026
-708.452820 -663.752686 166.320526
-676.674622 -663.442688 166.320526
-675.615356 -663.432373 167.379913
-675.615356 -663.432373 188.567413
EXTRUSION
END POLYGON
BEGIN POLYGON
HEIGHT
-667.139526 -664.061523
TYPE
0
POINTS
-537.909668 -662.088867 138.776779
-636.422180 -663.049988 138.776779
-636.422180 -663.049988 40.254898
-635.362854 -663.039612 39.195522
-540.028198 -662.109558 39.195522
-537.909668 -662.088867 40.254898
-537.909668 -662.088867 138.776779
EXTRUSION
END POLYGON
BEGIN POLYGON
HEIGHT
-667.139526 -664.061523
TYPE
0
POINTS
-757.179443 -664.228088 138.776779
-835.565735 -664.992859 138.776779
-835.565735 -664.992859 40.254898
-834.506470 -664.982483 39.195522
-758.238708 -664.238403 39.195522
-757.179443 -664.228088 40.254898
-757.179443 -664.228088 138.776779
EXTRUSION
END POLYGON
BEGIN POLYGON
HEIGHT
-667.139526 -664.061523
TYPE
0
POINTS
-881.114502 -665.437195 106.995529
-944.670959 -666.057251 106.995529
-944.670959 -666.057251 -0.001355
-881.114502 -665.437195 -0.001355
-881.114502 -665.437195 106.995529
EXTRUSION
END POLYGON
BEGIN POLYGON
HEIGHT
-667.139526 -664.061523
TYPE
0
POINTS
-121.504875 -664.571716 26.483021
-159.639801 -664.257813 26.483021
-160.699097 -664.249146 25.423647
-160.699097 -664.249146 4.236145
-122.564171 -664.562988 4.236145
-121.504875 -664.571716 5.295520
-121.504875 -664.571716 26.483021
EXTRUSION
END POLYGON
