BEGIN POLYGON
HEIGHT
0.000000 610.184631
TYPE
0
POINTS
-655.767273 727.757629 0.000000
1450.613403 801.093933 0.000000
1515.801270 -1256.395874 0.000000
1519.875488 -1268.618652 0.000000
-553.911377 -1354.177612 0.000000
-566.134094 -1358.251831 0.000000
-586.505249 -1341.954834 0.000000
-651.693054 711.460693 0.000000
-655.767273 731.831909 0.000000
-655.767273 727.757629 0.000000
EXTRUSION
END POLYGON
BEGIN POLYGON
HEIGHT
610.184631 1155.652710
TYPE
0
POINTS
-464.278137 357.002075 610.184631
-447.981201 393.670197 610.184631
-305.382874 397.744446 610.184631
-285.011688 418.115631 610.184631
-289.085938 548.491211 610.184631
1096.154785 621.827515 610.184631
1100.229004 617.753235 610.184631
1100.229004 605.530518 610.184631
1104.303223 471.080719 610.184631
1104.303223 450.709534 610.184631
1112.451660 442.561035 610.184631
1140.971436 442.561035 610.184631
1259.124268 446.635284 610.184631
1263.198486 446.635284 610.184631
1283.569702 450.709534 610.184631
1312.089355 -938.605408 610.184631
1291.718140 -938.605408 610.184631
1279.495483 -942.679626 610.184631
1165.416748 -942.679626 610.184631
1149.119873 -954.902344 610.184631
1149.119873 -958.976563 610.184631
1153.194092 -1101.574829 610.184631
-232.046616 -1166.762695 610.184631
-236.120850 -1158.614136 610.184631
-240.195084 -1016.015869 610.184631
-256.492035 -991.570435 610.184631
-399.090332 -995.644714 610.184631
-464.278137 357.002075 610.184631
EXTRUSION
END POLYGON
BEGIN POLYGON
HEIGHT
1155.652710 3161.865967
TYPE
0
POINTS
-77.225594 112.547829 1155.652710
-65.002876 214.403763 1155.652710
937.259521 230.700714 1155.652710
953.556458 -771.561646 1155.652710
-24.260506 -804.155579 1155.652710
-77.225594 112.547829 1155.652710
EXTRUSION
END POLYGON
BEGIN POLYGON
HEIGHT
3161.865967 3651.862549
TYPE
0
POINTS
-73.151352 -13.753525 3161.865967
-56.854404 14.766136 3161.865967
122.412041 198.106812 3161.865967
737.621887 222.552231 3161.865967
916.888306 47.360035 3161.865967
961.704956 -559.701294 3161.865967
949.482239 -571.924011 3161.865967
770.215759 -755.264709 3161.865967
753.918823 -775.635864 3161.865967
741.696106 -779.710144 3161.865967
244.639160 -791.932861 3161.865967
232.416443 -796.007080 3161.865967
150.931702 -783.784363 3161.865967
-32.408981 -604.517944 3161.865967
-73.151352 -13.753525 3161.865967
EXTRUSION
END POLYGON
BEGIN POLYGON
HEIGHT
3651.862549 3998.558350
TYPE
0
POINTS
-20.186268 -111.535217 3651.862549
-20.186268 -38.198948 3651.862549
-16.112030 -30.050474 3651.862549
-7.963556 -21.901999 3651.862549
150.931702 149.215973 3651.862549
159.080170 157.364441 3651.862549
163.154419 161.438675 3651.862549
171.302887 169.587158 3651.862549
183.525604 173.661392 3651.862549
688.731018 185.884094 3651.862549
696.879517 181.809860 3651.862549
700.953735 177.735626 3651.862549
705.027954 173.661392 3651.862549
880.220215 10.691899 3651.862549
884.294434 6.617662 3651.862549
888.368652 2.543425 3651.862549
892.442871 -1.530813 3651.862549
896.517151 -5.605050 3651.862549
912.814087 -514.884705 3651.862549
908.739868 -527.107422 3651.862549
900.591370 -539.330139 3651.862549
896.517151 -543.404358 3651.862549
892.442871 -547.478577 3651.862549
741.696106 -706.373840 3651.862549
737.621887 -710.448120 3651.862549
733.547668 -714.522339 3651.862549
729.473389 -718.596558 3651.862549
725.399170 -722.670776 3651.862549
721.324951 -726.745056 3651.862549
713.176453 -730.819275 3651.862549
216.119492 -743.041992 3651.862549
203.896790 -747.116211 3651.862549
199.822556 -747.116211 3651.862549
191.674072 -738.967773 3651.862549
183.525604 -730.819275 3651.862549
20.556105 -575.998291 3651.862549
12.407631 -567.849792 3651.862549
4.259156 -563.775574 3651.862549
-3.889319 -555.627075 3651.862549
-20.186268 -111.535217 3651.862549
EXTRUSION
END POLYGON
BEGIN POLYGON
HEIGHT
3998.558350 4040.161865
TYPE
0
POINTS
49.075768 -54.495895 3998.558350
49.075768 -46.347424 3998.558350
57.224243 -38.198948 3998.558350
61.298477 -34.124710 3998.558350
167.228653 79.953934 3998.558350
171.302887 84.028168 3998.558350
179.451355 92.176643 3998.558350
187.599838 100.325119 3998.558350
195.748306 104.399353 3998.558350
680.582581 116.622070 3998.558350
684.656799 112.547829 3998.558350
688.731018 108.473595 3998.558350
802.809692 2.543425 3998.558350
806.883911 -1.530813 3998.558350
810.958130 -5.605050 3998.558350
815.032410 -9.679287 3998.558350
819.106628 -13.753525 3998.558350
823.180847 -17.827763 3998.558350
827.255127 -21.901999 3998.558350
839.477783 -470.068085 3998.558350
843.552063 -482.290802 3998.558350
843.552063 -510.810455 3998.558350
839.477783 -514.884705 3998.558350
835.403564 -518.958923 3998.558350
831.329346 -523.033203 3998.558350
827.255127 -527.107422 3998.558350
823.180847 -531.181641 3998.558350
725.399170 -637.111816 3998.558350
721.324951 -641.186035 3998.558350
717.250671 -645.260315 3998.558350
713.176453 -649.334534 3998.558350
709.102234 -653.408752 3998.558350
705.027954 -661.557251 3998.558350
212.045258 -673.779968 3998.558350
199.822556 -665.631470 3998.558350
191.674072 -657.483032 3998.558350
93.892380 -563.775574 3998.558350
85.743904 -555.627075 3998.558350
77.595428 -551.552856 3998.558350
69.446953 -543.404358 3998.558350
65.372719 -539.330139 3998.558350
49.075768 -54.495895 3998.558350
EXTRUSION
END POLYGON
BEGIN POLYGON
HEIGHT
4040.161865 4077.142822
TYPE
0
POINTS
73.521194 -78.941322 4040.161865
73.521194 -58.570133 4040.161865
81.669662 -50.421661 4040.161865
89.818138 -42.273186 4040.161865
175.377121 51.434273 4040.161865
183.525604 59.582745 4040.161865
187.599838 63.656982 4040.161865
191.674072 67.731224 4040.161865
199.822556 75.879692 4040.161865
203.896790 79.953934 4040.161865
668.359863 92.176643 4040.161865
672.434082 88.102409 4040.161865
676.508301 84.028168 4040.161865
680.582581 79.953934 4040.161865
786.512756 -17.827763 4040.161865
790.586975 -21.901999 4040.161865
794.661194 -25.976236 4040.161865
798.735413 -30.050474 4040.161865
802.809692 -34.124710 4040.161865
802.809692 -66.718605 4040.161865
819.106628 -461.919617 4040.161865
819.106628 -498.587769 4040.161865
815.032410 -502.661987 4040.161865
810.958130 -506.736237 4040.161865
806.883911 -510.810455 4040.161865
802.809692 -514.884705 4040.161865
798.735413 -518.958923 4040.161865
713.176453 -612.666382 4040.161865
709.102234 -616.740662 4040.161865
705.027954 -620.814880 4040.161865
700.953735 -624.889099 4040.161865
696.879517 -628.963379 4040.161865
692.805298 -633.037598 4040.161865
688.731018 -637.111816 4040.161865
224.267975 -649.334534 4040.161865
216.119492 -641.186035 4040.161865
207.971024 -637.111816 4040.161865
110.189323 -543.404358 4040.161865
102.040855 -535.255920 4040.161865
93.892380 -527.107422 4040.161865
89.818138 -523.033203 4040.161865
73.521194 -78.941322 4040.161865
EXTRUSION
END POLYGON
BEGIN POLYGON
HEIGHT
4077.142822 4114.123535
TYPE
0
POINTS
97.966614 -103.386742 4077.142822
97.966614 -70.792847 4077.142822
106.115089 -62.644371 4077.142822
110.189323 -58.570133 4077.142822
195.748306 31.063086 4077.142822
203.896790 43.285797 4077.142822
212.045258 51.434273 4077.142822
216.119492 55.508511 4077.142822
656.137146 67.731224 4077.142822
660.211365 63.656982 4077.142822
664.285583 59.582745 4077.142822
668.359863 55.508511 4077.142822
757.993042 -30.050474 4077.142822
770.215759 -38.198948 4077.142822
774.290039 -42.273186 4077.142822
778.364258 -46.347424 4077.142822
782.438477 -58.570133 4077.142822
794.661194 -482.290802 4077.142822
786.512756 -494.513519 4077.142822
782.438477 -498.587769 4077.142822
778.364258 -502.661987 4077.142822
688.731018 -596.369446 4077.142822
684.656799 -600.443665 4077.142822
680.582581 -608.592163 4077.142822
676.508301 -612.666382 4077.142822
236.490692 -624.889099 4077.142822
228.342209 -616.740662 4077.142822
220.193741 -608.592163 4077.142822
134.634750 -531.181641 4077.142822
126.486275 -523.033203 4077.142822
118.337799 -514.884705 4077.142822
114.263565 -510.810455 4077.142822
97.966614 -103.386742 4077.142822
EXTRUSION
END POLYGON
BEGIN POLYGON
HEIGHT
4114.123535 4151.104492
TYPE
0
POINTS
122.412041 -127.832169 4114.123535
122.412041 -87.089798 4114.123535
126.486275 -83.015556 4114.123535
134.634750 -74.867081 4114.123535
138.708984 -66.718605 4114.123535
212.045258 10.691899 4114.123535
220.193741 18.840374 4114.123535
228.342209 26.988848 4114.123535
232.416443 31.063086 4114.123535
639.840210 43.285797 4114.123535
647.988647 39.211559 4114.123535
652.062866 35.137321 4114.123535
656.137146 31.063086 4114.123535
660.211365 26.988848 4114.123535
733.547668 -42.273186 4114.123535
737.621887 -46.347424 4114.123535
741.696106 -50.421661 4114.123535
745.770325 -54.495895 4114.123535
749.844604 -58.570133 4114.123535
753.918823 -62.644371 4114.123535
757.993042 -66.718605 4114.123535
770.215759 -465.993866 4114.123535
766.141541 -478.216583 4114.123535
762.067322 -482.290802 4114.123535
757.993042 -486.365051 4114.123535
753.918823 -490.439270 4114.123535
676.508301 -571.924011 4114.123535
672.434082 -575.998291 4114.123535
668.359863 -580.072510 4114.123535
664.285583 -584.146729 4114.123535
656.137146 -588.220947 4114.123535
652.062866 -588.220947 4114.123535
639.840210 -592.295227 4114.123535
269.084595 -600.443665 4114.123535
256.861877 -604.517944 4114.123535
252.787628 -604.517944 4114.123535
244.639160 -596.369446 4114.123535
236.490692 -588.220947 4114.123535
155.005936 -510.810455 4114.123535
146.857468 -502.661987 4114.123535
138.708984 -494.513519 4114.123535
134.634750 -486.365051 4114.123535
122.412041 -127.832169 4114.123535
EXTRUSION
END POLYGON
BEGIN POLYGON
HEIGHT
4151.104492 4188.085449
TYPE
0
POINTS
146.857468 -152.277588 4151.104492
146.857468 -103.386742 4151.104492
150.931702 -95.238266 4151.104492
159.080170 -87.089798 4151.104492
163.154419 -78.941322 4151.104492
224.267975 -13.753525 4151.104492
232.416443 -5.605050 4151.104492
236.490692 -1.530813 4151.104492
244.639160 6.617662 4151.104492
248.713394 10.691899 4151.104492
623.543213 22.914610 4151.104492
627.617493 18.840374 4151.104492
639.840210 10.691899 4151.104492
643.914429 6.617662 4151.104492
647.988647 2.543425 4151.104492
709.102234 -54.495895 4151.104492
713.176453 -58.570133 4151.104492
717.250671 -62.644371 4151.104492
721.324951 -66.718605 4151.104492
725.399170 -70.792847 4151.104492
729.473389 -74.867081 4151.104492
733.547668 -78.941322 4151.104492
745.770325 -457.845398 4151.104492
741.696106 -461.919617 4151.104492
737.621887 -465.993866 4151.104492
733.547668 -470.068085 4151.104492
729.473389 -478.216583 4151.104492
668.359863 -543.404358 4151.104492
664.285583 -547.478577 4151.104492
660.211365 -551.552856 4151.104492
656.137146 -555.627075 4151.104492
652.062866 -559.701294 4151.104492
647.988647 -563.775574 4151.104492
643.914429 -567.849792 4151.104492
289.455780 -575.998291 4151.104492
277.233063 -580.072510 4151.104492
265.010345 -580.072510 4151.104492
256.861877 -571.924011 4151.104492
252.787628 -567.849792 4151.104492
179.451355 -498.587769 4151.104492
171.302887 -490.439270 4151.104492
163.154419 -482.290802 4151.104492
159.080170 -474.142334 4151.104492
146.857468 -152.277588 4151.104492
EXTRUSION
END POLYGON
BEGIN POLYGON
HEIGHT
4188.085449 4229.688965
TYPE
0
POINTS
171.302887 -176.723007 4188.085449
171.302887 -111.535217 4188.085449
175.377121 -107.460983 4188.085449
183.525604 -99.312508 4188.085449
187.599838 -95.238266 4188.085449
240.564926 -38.198948 4188.085449
248.713394 -30.050474 4188.085449
252.787628 -21.901999 4188.085449
260.936096 -13.753525 4188.085449
611.320496 -1.530813 4188.085449
615.394775 -5.605050 4188.085449
619.468994 -9.679287 4188.085449
623.543213 -13.753525 4188.085449
627.617493 -17.827763 4188.085449
684.656799 -70.792847 4188.085449
688.731018 -74.867081 4188.085449
692.805298 -78.941322 4188.085449
696.879517 -83.015556 4188.085449
700.953735 -87.089798 4188.085449
705.027954 -91.164032 4188.085449
709.102234 -95.238266 4188.085449
709.102234 -111.535217 4188.085449
713.176453 -123.757927 4188.085449
721.324951 -445.622681 4188.085449
717.250671 -449.696899 4188.085449
713.176453 -453.771149 4188.085449
709.102234 -457.845398 4188.085449
705.027954 -461.919617 4188.085449
647.988647 -523.033203 4188.085449
643.914429 -527.107422 4188.085449
639.840210 -531.181641 4188.085449
635.765930 -535.255920 4188.085449
631.691711 -543.404358 4188.085449
309.826965 -551.552856 4188.085449
297.604248 -555.627075 4188.085449
281.307281 -555.627075 4188.085449
273.158813 -547.478577 4188.085449
260.936096 -539.330139 4188.085449
203.896790 -486.365051 4188.085449
195.748306 -478.216583 4188.085449
187.599838 -470.068085 4188.085449
183.525604 -465.993866 4188.085449
171.302887 -176.723007 4188.085449
EXTRUSION
END POLYGON
BEGIN POLYGON
HEIGHT
4229.688965 4266.669922
TYPE
0
POINTS
195.748306 -201.168442 4229.688965
195.748306 -127.832169 4229.688965
199.822556 -119.683693 4229.688965
207.971024 -111.535217 4229.688965
212.045258 -107.460983 4229.688965
252.787628 -62.644371 4229.688965
260.936096 -54.495895 4229.688965
265.010345 -50.421661 4229.688965
273.158813 -42.273186 4229.688965
277.233063 -38.198948 4229.688965
599.097778 -25.976236 4229.688965
603.172058 -30.050474 4229.688965
607.246277 -34.124710 4229.688965
611.320496 -38.198948 4229.688965
615.394775 -42.273186 4229.688965
668.359863 -91.164032 4229.688965
672.434082 -95.238266 4229.688965
676.508301 -99.312508 4229.688965
680.582581 -103.386742 4229.688965
684.656799 -107.460983 4229.688965
688.731018 -115.609459 4229.688965
696.879517 -429.325714 4229.688965
688.731018 -441.548431 4229.688965
684.656799 -445.622681 4229.688965
680.582581 -449.696899 4229.688965
635.765930 -498.587769 4229.688965
631.691711 -502.661987 4229.688965
627.617493 -506.736237 4229.688965
623.543213 -510.810455 4229.688965
619.468994 -514.884705 4229.688965
615.394775 -518.958923 4229.688965
586.875122 -518.958923 4229.688965
330.198151 -527.107422 4229.688965
317.975433 -531.181641 4229.688965
293.529999 -531.181641 4229.688965
285.381531 -523.033203 4229.688965
277.233063 -514.884705 4229.688965
224.267975 -465.993866 4229.688965
216.119492 -457.845398 4229.688965
207.971024 -449.696899 4229.688965
203.896790 -445.622681 4229.688965
195.748306 -201.168442 4229.688965
EXTRUSION
END POLYGON
BEGIN POLYGON
HEIGHT
4266.669922 4303.650879
TYPE
0
POINTS
220.193741 -221.539627 4266.669922
220.193741 -135.980637 4266.669922
224.267975 -131.906403 4266.669922
232.416443 -123.757927 4266.669922
236.490692 -119.683693 4266.669922
273.158813 -83.015556 4266.669922
281.307281 -70.792847 4266.669922
285.381531 -66.718605 4266.669922
301.678467 -58.570133 4266.669922
582.800842 -50.421661 4266.669922
586.875122 -54.495895 4266.669922
595.023560 -58.570133 4266.669922
599.097778 -62.644371 4266.669922
603.172058 -66.718605 4266.669922
639.840210 -103.386742 4266.669922
652.062866 -111.535217 4266.669922
656.137146 -115.609459 4266.669922
660.211365 -119.683693 4266.669922
664.285583 -123.757927 4266.669922
672.434082 -417.102997 4266.669922
664.285583 -429.325714 4266.669922
660.211365 -433.399963 4266.669922
656.137146 -437.474213 4266.669922
623.543213 -470.068085 4266.669922
619.468994 -474.142334 4266.669922
615.394775 -482.290802 4266.669922
611.320496 -486.365051 4266.669922
607.246277 -490.439270 4266.669922
603.172058 -494.513519 4266.669922
595.023560 -498.587769 4266.669922
342.420868 -506.736237 4266.669922
305.752716 -506.736237 4266.669922
297.604248 -498.587769 4266.669922
252.787628 -457.845398 4266.669922
244.639160 -449.696899 4266.669922
236.490692 -441.548431 4266.669922
232.416443 -437.474213 4266.669922
228.342209 -429.325714 4266.669922
220.193741 -221.539627 4266.669922
EXTRUSION
END POLYGON
BEGIN POLYGON
HEIGHT
4303.650879 4340.631836
TYPE
0
POINTS
244.639160 -250.059280 4303.650879
244.639160 -148.203354 4303.650879
252.787628 -140.054886 4303.650879
256.861877 -135.980637 4303.650879
285.381531 -107.460983 4303.650879
293.529999 -99.312508 4303.650879
301.678467 -87.089798 4303.650879
305.752716 -83.015556 4303.650879
570.578125 -74.867081 4303.650879
574.652405 -78.941322 4303.650879
578.726624 -83.015556 4303.650879
590.949341 -91.164032 4303.650879
619.468994 -119.683693 4303.650879
623.543213 -123.757927 4303.650879
627.617493 -127.832169 4303.650879
631.691711 -131.906403 4303.650879
639.840210 -140.054886 4303.650879
639.840210 -176.723007 4303.650879
647.988647 -400.806061 4303.650879
643.914429 -413.028778 4303.650879
639.840210 -417.102997 4303.650879
635.765930 -421.177246 4303.650879
631.691711 -425.251495 4303.650879
607.246277 -449.696899 4303.650879
603.172058 -453.771149 4303.650879
599.097778 -457.845398 4303.650879
595.023560 -461.919617 4303.650879
590.949341 -465.993866 4303.650879
586.875122 -470.068085 4303.650879
578.726624 -474.142334 4303.650879
322.049683 -482.290802 4303.650879
309.826965 -474.142334 4303.650879
301.678467 -465.993866 4303.650879
277.233063 -441.548431 4303.650879
269.084595 -433.399963 4303.650879
260.936096 -425.251495 4303.650879
252.787628 -417.102997 4303.650879
244.639160 -250.059280 4303.650879
EXTRUSION
END POLYGON
BEGIN POLYGON
HEIGHT
4340.631836 4377.612305
TYPE
0
POINTS
269.084595 -270.430481 4340.631836
269.084595 -164.500305 4340.631836
277.233063 -156.351822 4340.631836
297.604248 -131.906403 4340.631836
301.678467 -127.832169 4340.631836
309.826965 -119.683693 4340.631836
313.901184 -115.609459 4340.631836
322.049683 -107.460983 4340.631836
554.281189 -99.312508 4340.631836
562.429688 -103.386742 4340.631836
566.503906 -107.460983 4340.631836
570.578125 -111.535217 4340.631836
586.875122 -127.832169 4340.631836
599.097778 -135.980637 4340.631836
603.172058 -140.054886 4340.631836
607.246277 -144.129120 4340.631836
615.394775 -152.277588 4340.631836
615.394775 -156.351822 4340.631836
619.468994 -168.574539 4340.631836
623.543213 -384.509125 4340.631836
619.468994 -396.731812 4340.631836
615.394775 -400.806061 4340.631836
611.320496 -404.880310 4340.631836
607.246277 -408.954529 4340.631836
595.023560 -425.251495 4340.631836
590.949341 -429.325714 4340.631836
586.875122 -433.399963 4340.631836
582.800842 -437.474213 4340.631836
578.726624 -441.548431 4340.631836
574.652405 -445.622681 4340.631836
570.578125 -449.696899 4340.631836
521.687317 -449.696899 4340.631836
509.464600 -453.771149 4340.631836
334.272369 -457.845398 4340.631836
322.049683 -449.696899 4340.631836
313.901184 -441.548431 4340.631836
297.604248 -425.251495 4340.631836
293.529999 -421.177246 4340.631836
285.381531 -413.028778 4340.631836
277.233063 -404.880310 4340.631836
273.158813 -400.806061 4340.631836
269.084595 -270.430481 4340.631836
EXTRUSION
END POLYGON
BEGIN POLYGON
HEIGHT
4377.612305 4419.215820
TYPE
0
POINTS
293.529999 -294.875885 4377.612305
293.529999 -180.797256 4377.612305
297.604248 -172.648773 4377.612305
305.752716 -164.500305 4377.612305
309.826965 -160.426071 4377.612305
317.975433 -152.277588 4377.612305
326.123901 -144.129120 4377.612305
330.198151 -135.980637 4377.612305
542.058472 -123.757927 4377.612305
550.206970 -127.832169 4377.612305
554.281189 -131.906403 4377.612305
558.355408 -135.980637 4377.612305
570.578125 -148.203354 4377.612305
574.652405 -152.277588 4377.612305
586.875122 -160.426071 4377.612305
590.949341 -164.500305 4377.612305
595.023560 -168.574539 4377.612305
599.097778 -380.434875 4377.612305
595.023560 -384.509125 4377.612305
590.949341 -388.583344 4377.612305
586.875122 -392.657593 4377.612305
582.800842 -396.731812 4377.612305
574.652405 -404.880310 4377.612305
570.578125 -408.954529 4377.612305
566.503906 -413.028778 4377.612305
562.429688 -421.177246 4377.612305
350.569336 -433.399963 4377.612305
342.420868 -429.325714 4377.612305
334.272369 -421.177246 4377.612305
317.975433 -408.954529 4377.612305
309.826965 -400.806061 4377.612305
293.529999 -294.875885 4377.612305
EXTRUSION
END POLYGON
BEGIN POLYGON
HEIGHT
4419.215820 4456.196777
TYPE
0
POINTS
317.975433 -319.321320 4419.215820
330.198151 -176.723007 4419.215820
334.272369 -172.648773 4419.215820
546.132751 -160.426071 4419.215820
550.206970 -164.500305 4419.215820
562.429688 -380.434875 4419.215820
558.355408 -384.509125 4419.215820
342.420868 -392.657593 4419.215820
317.975433 -319.321320 4419.215820
EXTRUSION
END POLYGON
BEGIN POLYGON
HEIGHT
4456.196777 4493.177734
TYPE
0
POINTS
338.346619 -217.465393 4456.196777
346.495087 -197.094208 4456.196777
350.569336 -193.019958 4456.196777
358.717804 -184.871490 4456.196777
529.835754 -180.797256 4456.196777
533.910034 -184.871490 4456.196777
537.984253 -188.945724 4456.196777
550.206970 -347.840973 4456.196777
546.132751 -360.063690 4456.196777
542.058472 -364.137939 4456.196777
537.984253 -368.212158 4456.196777
533.910034 -372.286407 4456.196777
370.940521 -384.509125 4456.196777
362.792053 -376.360626 4456.196777
354.643555 -368.212158 4456.196777
338.346619 -217.465393 4456.196777
EXTRUSION
END POLYGON
BEGIN POLYGON
HEIGHT
4493.177734 4530.158691
TYPE
0
POINTS
362.792053 -241.910812 4493.177734
362.792053 -221.539627 4493.177734
370.940521 -209.316910 4493.177734
375.014740 -205.242676 4493.177734
379.088989 -201.168442 4493.177734
505.390350 -197.094208 4493.177734
509.464600 -201.168442 4493.177734
513.538818 -205.242676 4493.177734
525.761536 -213.391144 4493.177734
529.835754 -335.618256 4493.177734
521.687317 -343.766754 4493.177734
509.464600 -355.989441 4493.177734
391.311707 -360.063690 4493.177734
383.163239 -355.989441 4493.177734
375.014740 -347.840973 4493.177734
362.792053 -241.910812 4493.177734
EXTRUSION
END POLYGON
BEGIN POLYGON
HEIGHT
4530.158691 4567.139648
TYPE
0
POINTS
387.237457 -266.356232 4530.158691
387.237457 -241.910812 4530.158691
387.237457 -233.762329 4530.158691
395.385956 -225.613861 4530.158691
489.093414 -221.539627 4530.158691
497.241882 -225.613861 4530.158691
501.316101 -229.688095 4530.158691
501.316101 -237.836578 4530.158691
505.390350 -315.247070 4530.158691
505.390350 -323.395569 4530.158691
497.241882 -331.544037 4530.158691
489.093414 -335.618256 4530.158691
403.534424 -335.618256 4530.158691
395.385956 -331.544037 4530.158691
391.311707 -327.469788 4530.158691
391.311707 -319.321320 4530.158691
387.237457 -266.356232 4530.158691
EXTRUSION
END POLYGON
BEGIN POLYGON
HEIGHT
4567.139648 4604.120605
TYPE
0
POINTS
411.682892 -290.801666 4567.139648
411.682892 -266.356232 4567.139648
411.682892 -250.059280 4567.139648
415.757141 -245.985046 4567.139648
476.870697 -262.281982 4567.139648
476.870697 -282.653168 4567.139648
480.944916 -294.875885 4567.139648
415.757141 -311.172852 4567.139648
411.682892 -270.430481 4567.139648
411.682892 -254.133514 4567.139648
415.757141 -250.059280 4567.139648
419.831360 -245.985046 4567.139648
472.796448 -245.985046 4567.139648
476.870697 -250.059280 4567.139648
476.870697 -262.281982 4567.139648
476.870697 -282.653168 4567.139648
480.944916 -294.875885 4567.139648
480.944916 -303.024384 4567.139648
476.870697 -311.172852 4567.139648
423.905609 -311.172852 4567.139648
415.757141 -307.098602 4567.139648
411.682892 -290.801666 4567.139648
EXTRUSION
END POLYGON
BEGIN POLYGON
HEIGHT
4604.120605 4617.988281
TYPE
0
POINTS
436.128326 -290.801666 4604.120605
436.128326 -270.430481 4604.120605
448.351013 -266.356232 4604.120605
452.425262 -266.356232 4604.120605
440.202545 -290.801666 4604.120605
436.128326 -274.504700 4604.120605
440.202545 -270.430481 4604.120605
448.351013 -266.356232 4604.120605
452.425262 -270.430481 4604.120605
456.499512 -286.727417 4604.120605
448.351013 -290.801666 4604.120605
444.276794 -290.801666 4604.120605
436.128326 -290.801666 4604.120605
EXTRUSION
END POLYGON
