BEGIN POLYGON
HEIGHT
346.750122 0.000000
TYPE
0
POINTS
0.119201 346.750122 0.008407
0.119201 346.750122 157.381073
0.476867 346.750122 158.454071
0.834532 346.750122 159.169403
1.549862 346.750122 160.242401
61.279942 346.750122 263.965302
61.995274 346.750122 265.038300
62.352940 346.750122 265.753632
63.068268 346.750122 267.184296
63.068268 346.750122 266.468964
63.068268 346.750122 267.184296
124.229012 346.750122 160.957733
124.944336 346.750122 160.242401
125.659668 346.750122 159.169403
127.090332 346.750122 159.884735
172.513809 346.750122 303.308472
172.871475 346.750122 304.739136
173.229141 346.750122 305.454468
173.586807 346.750122 306.527466
173.944458 346.750122 307.600464
174.302124 346.750122 306.527466
175.017456 346.750122 305.812134
250.842468 346.750122 161.315399
251.200134 346.750122 160.600067
251.557800 346.750122 159.527069
251.915466 346.750122 158.811737
252.630798 346.750122 157.738739
252.630798 346.750122 0.008407
0.119201 346.750122 0.008407
EXTRUSION
END POLYGON
BEGIN POLYGON
HEIGHT
58.254025 1.387001
TYPE
0
POINTS
77.374878 -0.000001 113.388268
190.397064 -0.000001 113.388268
190.397064 -0.000001 0.008407
77.017212 -0.000001 0.008407
77.374878 -0.000001 1.081403
77.374878 -0.000001 113.388268
EXTRUSION
END POLYGON
BEGIN POLYGON
HEIGHT
4.549482 1.010981
TYPE
0
POINTS
0.119201 259.520782 136.258163
0.119201 257.895416 135.851807
0.119201 256.270020 135.851807
0.119201 255.050964 135.445465
0.119201 253.019226 135.445465
0.119201 251.800186 135.039124
0.119201 250.987488 134.632767
0.119201 249.768448 134.226425
0.119201 248.143051 133.413727
0.119201 246.924011 133.007370
0.119201 246.111313 132.601028
0.119201 244.892273 132.194687
0.119201 244.079575 131.381989
0.119201 243.266891 130.975632
0.119201 242.047836 130.162949
0.119201 240.828796 128.943893
0.119201 240.016098 128.537552
0.119201 238.390717 126.912163
0.119201 237.984360 126.099464
0.119201 237.171661 124.880424
0.119201 235.952621 123.661377
0.119201 235.546280 122.848679
0.119201 234.733582 122.035988
0.119201 234.327240 120.816940
0.119201 233.514542 119.191551
0.119201 233.108185 117.972511
0.119201 232.701843 117.159813
0.119201 232.295486 115.940765
0.119201 231.889145 115.128075
0.119201 231.889145 112.689987
0.119201 231.482803 111.877289
0.119201 231.482803 110.658249
0.119201 231.076447 109.032852
0.119201 231.076447 28.982334
0.119201 287.965149 28.982334
0.119201 287.965149 108.220161
0.119201 287.558807 109.845551
0.119201 287.558807 111.064598
0.119201 287.152435 112.283638
0.119201 287.152435 114.315376
0.119201 286.746094 115.534424
0.119201 285.933411 117.159813
0.119201 285.527069 118.378853
0.119201 284.714355 120.004250
0.119201 283.901672 122.442337
0.119201 282.276276 124.067726
0.119201 281.869934 124.880424
0.119201 281.057220 126.099464
0.119201 280.244537 126.912163
0.119201 279.431854 128.131210
0.119201 277.806458 129.350250
0.119201 276.587402 130.162949
0.119201 276.181061 130.569290
0.119201 275.368347 130.975632
0.119201 274.149323 132.194687
0.119201 272.523926 133.007370
0.119201 271.304871 133.413727
0.119201 270.492188 133.820068
0.119201 269.273132 133.820068
0.119201 268.460449 134.226425
0.119201 267.241394 135.039124
0.119201 265.209656 135.445465
0.119201 264.396973 135.445465
0.119201 262.365234 135.851807
0.119201 260.333496 135.851807
0.119201 259.520782 136.258163
EXTRUSION
END POLYGON
BEGIN POLYGON
HEIGHT
4.549482 1.010981
TYPE
0
POINTS
0.119201 78.696022 135.445465
0.119201 77.883324 135.445465
0.119201 76.664284 135.039124
0.119201 75.038887 135.039124
0.119201 73.819847 134.632767
0.119201 71.788109 134.632767
0.119201 70.162720 134.226425
0.119201 69.350021 133.820068
0.119201 68.130981 133.413727
0.119201 66.505585 132.601028
0.119201 65.286545 132.194687
0.119201 62.848457 130.975632
0.119201 62.035759 130.162949
0.119201 61.223064 129.756592
0.119201 60.410370 128.943893
0.119201 59.191326 128.131210
0.119201 57.565933 126.505814
0.119201 56.753239 126.099464
0.119201 56.346893 125.286766
0.119201 55.534195 124.474075
0.119201 54.721500 122.848679
0.119201 53.096107 121.223289
0.119201 51.064369 117.159813
0.119201 50.658024 115.940765
0.119201 50.251675 115.128075
0.119201 49.845325 113.909027
0.119201 49.438980 113.096336
0.119201 49.438980 111.064598
0.119201 49.032631 109.439201
0.119201 49.032631 107.001114
0.119201 48.626282 106.188423
0.119201 48.626282 28.982334
0.119201 108.765762 28.982334
0.119201 108.765762 105.375725
0.119201 108.359413 107.001114
0.119201 108.359413 108.220161
0.119201 107.953064 109.845551
0.119201 107.953064 111.877289
0.119201 107.546715 113.096336
0.119201 107.140366 113.909027
0.119201 106.734016 115.128075
0.119201 106.327675 116.753464
0.119201 105.514977 118.378853
0.119201 105.108627 119.597900
0.119201 104.295937 121.223289
0.119201 102.670540 122.848679
0.119201 101.857849 124.067726
0.119201 101.045151 124.880424
0.119201 100.638802 125.693115
0.119201 99.419762 126.912163
0.119201 98.200714 127.724854
0.119201 96.981674 128.943893
0.119201 96.168976 129.350250
0.119201 95.356277 130.162949
0.119201 94.137238 130.975632
0.119201 93.730888 131.381989
0.119201 92.105499 132.194687
0.119201 90.886452 132.601028
0.119201 90.073761 133.007370
0.119201 88.448372 133.413727
0.119201 87.229324 133.820068
0.119201 85.603935 134.632767
0.119201 84.384888 134.632767
0.119201 82.759499 135.039124
0.119201 79.508720 135.039124
0.119201 78.696022 135.445465
EXTRUSION
END POLYGON
