BEGIN POLYGON
HEIGHT
-115.132637 93.010071
TYPE
0
POINTS
419.334229 -108.777733 -115.132637
419.530457 -108.385284 -115.132637
419.726685 -107.992844 -115.132637
436.013062 -83.268929 -115.132637
436.209290 -82.876488 -115.132637
436.797943 -82.287827 -115.132637
437.190399 -81.502937 -115.132637
437.582825 -80.521828 -115.132637
438.760162 -79.933167 -115.132637
439.545044 -79.736946 -115.132637
439.937500 -79.344498 -115.132637
440.133728 -79.148277 -115.132637
468.782074 -61.684563 -115.132637
469.370728 -61.684563 -115.132637
469.763153 -61.684563 -115.132637
470.155609 -61.684563 -115.132637
470.940491 -61.684563 -115.132637
471.725372 -61.488338 -115.132637
501.551056 -58.741238 -115.132637
502.335938 -58.545017 -115.132637
502.924591 -58.741238 -115.132637
503.513275 -58.545017 -115.132637
504.298157 -58.348797 -115.132637
504.690613 -58.348797 -115.132637
505.083038 -58.348797 -115.132637
505.475494 -58.545017 -115.132637
505.867920 -58.545017 -115.132637
506.260376 -58.741238 -115.132637
506.652802 -59.133682 -115.132637
507.045258 -59.133682 -115.132637
536.282288 -69.925865 -115.132637
536.674683 -69.925865 -115.132637
537.067139 -70.318306 -115.132637
537.459595 -70.514534 -115.132637
537.852051 -70.514534 -115.132637
538.244507 -70.710754 -115.132637
538.636902 -70.710754 -115.132637
539.029358 -70.906975 -115.132637
539.225586 -70.906975 -115.132637
539.814270 -71.495636 -115.132637
540.206726 -71.888084 -115.132637
540.599121 -72.476746 -115.132637
562.772156 -95.630890 -115.132637
563.164612 -95.827110 -115.132637
563.360840 -96.219551 -115.132637
563.753296 -96.415771 -115.132637
563.949524 -96.611992 -115.132637
564.341919 -96.808220 -115.132637
564.538147 -97.200661 -115.132637
564.538147 -97.593102 -115.132637
564.734375 -97.985542 -115.132637
564.930603 -98.377991 -115.132637
564.930603 -98.770432 -115.132637
565.126831 -99.162872 -115.132637
575.134155 -129.969650 -115.132637
575.526550 -130.754547 -115.132637
575.722778 -130.950760 -115.132637
576.115234 -131.735657 -115.132637
575.919006 -132.128098 -115.132637
575.919006 -132.520538 -115.132637
575.919006 -132.912979 -115.132637
575.526550 -133.305420 -115.132637
575.526550 -133.697861 -115.132637
575.526550 -134.090302 -115.132637
571.994568 -162.738647 -115.132637
571.602112 -163.131088 -115.132637
571.602112 -163.523544 -115.132637
571.602112 -163.915985 -115.132637
571.602112 -164.308426 -115.132637
571.405945 -164.308426 -115.132637
419.530457 -108.385284 -115.132637
419.334229 -108.777733 -115.132637
EXTRUSION
END POLYGON
BEGIN POLYGON
HEIGHT
93.010071 174.520508
TYPE
1
POINTS
419.334229 -108.777733 93.010071
420.903992 -106.226852 93.010071
425.220886 -99.555321 93.010071
426.594421 -97.396881 93.010071
429.537750 -93.080009 93.010071
433.069733 -87.585808 93.010071
434.835724 -84.838699 93.010071
437.582825 -80.914268 93.010071
438.367737 -80.129387 93.010071
442.488373 -77.578506 93.010071
447.001465 -74.831406 93.010071
451.514557 -72.084305 93.010071
456.027649 -69.337204 93.010071
460.148315 -66.982544 93.010071
464.072754 -64.627884 93.010071
468.782074 -61.684563 93.010071
472.510254 -61.292118 93.010071
477.415802 -60.899677 93.010071
481.732666 -60.507233 93.010071
487.423096 -59.918568 93.010071
495.075745 -59.133682 93.010071
499.981293 -58.741238 93.010071
504.298157 -58.348797 93.010071
505.083038 -58.348797 93.010071
508.615021 -59.526123 93.010071
513.520569 -61.292118 93.010071
518.033691 -63.058113 93.010071
522.154297 -64.627884 93.010071
526.471191 -66.197655 93.010071
529.806946 -67.374985 93.010071
533.927612 -68.944756 93.010071
538.636902 -70.710754 93.010071
539.814270 -71.495636 93.010071
543.542480 -75.223846 93.010071
546.878235 -78.755836 93.010071
550.606445 -82.680267 93.010071
553.942200 -86.016029 93.010071
557.277954 -89.548019 93.010071
561.006165 -93.472450 93.010071
564.341919 -96.808220 93.010071
565.715515 -100.536423 93.010071
567.481506 -105.638184 93.010071
568.658813 -109.562614 93.010071
570.228577 -114.468155 93.010071
571.994568 -119.373695 93.010071
572.779480 -121.728355 93.010071
575.134155 -128.988556 93.010071
576.115234 -131.735657 93.010071
574.937927 -140.173172 93.010071
573.956787 -147.825821 93.010071
572.975708 -155.478455 93.010071
572.387024 -159.402893 93.010071
571.602112 -164.308426 93.010071
569.247498 -163.523544 93.010071
563.949524 -161.561325 93.010071
559.632629 -159.991547 93.010071
554.334656 -158.029343 93.010071
550.606445 -156.655792 93.010071
545.308472 -154.693573 93.010071
540.991577 -153.123795 93.010071
535.693604 -151.161575 93.010071
531.965393 -149.788025 93.010071
526.667419 -147.825821 93.010071
522.939209 -146.452271 93.010071
517.641235 -144.490051 93.010071
513.324341 -142.920273 93.010071
508.026367 -140.958069 93.010071
504.298157 -139.584518 93.010071
499.000183 -137.622299 93.010071
494.683289 -136.052521 93.010071
489.385315 -134.090302 93.010071
485.657104 -132.716751 93.010071
480.359131 -130.754547 93.010071
476.630920 -129.380997 93.010071
471.332947 -127.418777 93.010071
467.016052 -125.849007 93.010071
461.718079 -123.886787 93.010071
457.989868 -122.513237 93.010071
452.691895 -120.551025 93.010071
448.963684 -119.177475 93.010071
443.665710 -117.215256 93.010071
439.348816 -115.645485 93.010071
434.050842 -113.683266 93.010071
430.322632 -112.309715 93.010071
425.024658 -110.347504 93.010071
419.334229 -108.777733 93.010071
TAPER
496.056854 -136.837402 174.520508
496.056854 -136.837402 174.520508
496.056854 -136.837402 174.520508
496.056854 -136.837402 174.520508
496.056854 -136.837402 174.520508
496.056854 -136.837402 174.520508
496.056854 -136.837402 174.520508
496.056854 -136.837402 174.520508
496.056854 -136.837402 174.520508
496.056854 -136.837402 174.520508
496.056854 -136.837402 174.520508
496.056854 -136.837402 174.520508
496.056854 -136.837402 174.520508
496.056854 -136.837402 174.520508
496.056854 -136.837402 174.520508
496.056854 -136.837402 174.520508
496.056854 -136.837402 174.520508
496.056854 -136.837402 174.520508
496.056854 -136.837402 174.520508
496.056854 -136.837402 174.520508
496.056854 -136.837402 174.520508
496.056854 -136.837402 174.520508
496.056854 -136.837402 174.520508
496.056854 -136.837402 174.520508
496.056854 -136.837402 174.520508
496.056854 -136.837402 174.520508
496.056854 -136.837402 174.520508
496.056854 -136.837402 174.520508
496.056854 -136.837402 174.520508
496.056854 -136.837402 174.520508
496.056854 -136.837402 174.520508
496.056854 -136.837402 174.520508
496.056854 -136.837402 174.520508
496.056854 -136.837402 174.520508
496.056854 -136.837402 174.520508
496.056854 -136.837402 174.520508
496.056854 -136.837402 174.520508
496.056854 -136.837402 174.520508
496.056854 -136.837402 174.520508
496.056854 -136.837402 174.520508
496.056854 -136.837402 174.520508
496.056854 -136.837402 174.520508
496.056854 -136.837402 174.520508
496.056854 -136.837402 174.520508
496.056854 -136.837402 174.520508
496.056854 -136.837402 174.520508
496.056854 -136.837402 174.520508
496.056854 -136.837402 174.520508
496.056854 -136.837402 174.520508
496.056854 -136.837402 174.520508
496.056854 -136.837402 174.520508
496.056854 -136.837402 174.520508
496.056854 -136.837402 174.520508
496.056854 -136.837402 174.520508
496.056854 -136.837402 174.520508
496.056854 -136.837402 174.520508
496.056854 -136.837402 174.520508
496.056854 -136.837402 174.520508
496.056854 -136.837402 174.520508
496.056854 -136.837402 174.520508
496.056854 -136.837402 174.520508
496.056854 -136.837402 174.520508
496.056854 -136.837402 174.520508
496.056854 -136.837402 174.520508
496.056854 -136.837402 174.520508
496.056854 -136.837402 174.520508
496.056854 -136.837402 174.520508
496.056854 -136.837402 174.520508
496.056854 -136.837402 174.520508
496.056854 -136.837402 174.520508
496.056854 -136.837402 174.520508
496.056854 -136.837402 174.520508
496.056854 -136.837402 174.520508
496.056854 -136.837402 174.520508
496.056854 -136.837402 174.520508
496.056854 -136.837402 174.520508
496.056854 -136.837402 174.520508
496.056854 -136.837402 174.520508
496.056854 -136.837402 174.520508
496.056854 -136.837402 174.520508
496.056854 -136.837402 174.520508
496.056854 -136.837402 174.520508
496.056854 -136.837402 174.520508
496.056854 -136.837402 174.520508
496.056854 -136.837402 174.520508
496.056854 -136.837402 174.520508
END POLYGON
BEGIN POLYGON
HEIGHT
-427.625488 -224.095490
TYPE
0
POINTS
415.669281 -108.878830 91.215675
415.669281 -108.878830 93.311119
415.233093 -110.058006 94.149300
415.087708 -110.451065 94.568390
414.651489 -111.630241 95.406563
392.551178 -171.375168 138.572708
391.678772 -173.733521 141.925415
391.678772 -173.733521 142.763596
391.678772 -173.733521 162.460770
392.260376 -172.161285 164.975296
392.260376 -172.161285 165.813477
392.260376 -172.161285 166.651657
392.260376 -172.161285 167.070740
376.121307 -215.790802 211.913239
375.975922 -216.183868 212.332336
375.685120 -216.969971 213.170502
375.539734 -217.363037 213.589600
375.248932 -218.149155 214.427780
374.958130 -218.935272 215.265945
365.216522 -245.270203 242.087631
365.071136 -245.663269 242.506714
364.780334 -246.449371 243.344894
364.634949 -246.842438 243.763992
364.344147 -247.628555 243.344894
338.172699 -318.379120 170.423447
337.736511 -319.558289 169.585281
337.154907 -321.130554 167.908920
337.009521 -321.523590 167.070740
337.009521 -321.523590 166.651657
337.009521 -321.523590 166.232559
337.009521 -321.523590 164.975296
337.445709 -320.344421 143.182678
337.445709 -320.344421 142.763596
337.445709 -320.344421 142.344513
337.445709 -320.344421 141.925415
337.445709 -320.344421 141.506332
337.445709 -320.344421 141.087234
337.445709 -320.344421 140.668152
337.009521 -321.523590 139.410889
314.763794 -381.661560 95.825653
314.472992 -382.447693 95.406563
314.327606 -382.840759 94.987480
314.036804 -383.626862 94.568390
313.746002 -384.412994 93.730209
313.455200 -385.199097 93.311119
313.455200 -385.199097 91.215675
314.036804 -383.626862 -112.461456
314.036804 -383.626862 -113.718727
314.182190 -383.233826 -114.975990
415.233093 -110.058006 -113.299637
415.233093 -110.058006 88.701149
415.669281 -108.878830 91.634766
415.669281 -108.878830 91.215675
EXTRUSION
END POLYGON
BEGIN POLYGON
HEIGHT
-29.415871 44.384239
TYPE
0
POINTS
549.543396 -234.646393 169.109131
548.399170 -234.223129 170.329147
547.827087 -234.011505 170.939163
472.879425 -206.287491 243.530075
472.307251 -206.075851 244.140076
470.590912 -205.440948 245.360092
470.018799 -205.229324 245.970108
467.730316 -204.382782 243.530075
393.354797 -176.870422 171.549164
392.782684 -176.658783 170.939163
392.210541 -176.447144 170.329147
391.638428 -176.235504 169.719147
391.066315 -176.023880 169.109131
390.494202 -175.812241 168.499130
389.922058 -175.600616 167.889114
389.922058 -175.600616 166.059097
390.494202 -175.812241 -113.324425
391.066315 -176.023880 -115.154449
392.782684 -176.658783 -115.154449
546.110718 -233.376602 -115.154449
548.971252 -234.434753 169.719147
549.543396 -234.646393 169.109131
EXTRUSION
END POLYGON
BEGIN POLYGON
HEIGHT
-115.979675 93.798042
TYPE
0
POINTS
688.496643 -459.676208 -115.979675
688.496643 -459.169952 -115.979675
747.728943 -300.457855 -115.979675
747.982056 -300.710968 -115.979675
748.488281 -300.964111 -115.979675
775.826294 -318.936279 -115.979675
777.598206 -319.948792 -115.979675
777.851318 -320.201935 -115.979675
778.610718 -320.708191 -115.979675
778.863831 -320.961334 -115.979675
780.129456 -322.733215 -115.979675
780.382629 -322.986359 -115.979675
780.635742 -323.239471 -115.979675
797.342285 -351.083710 -115.979675
797.595398 -351.336853 -115.979675
797.848511 -352.096222 -115.979675
798.101685 -352.349365 -115.979675
798.354797 -352.855621 -115.979675
798.607910 -353.108765 -115.979675
798.861084 -353.361877 -115.979675
798.861084 -353.615021 -115.979675
798.861084 -354.121277 -115.979675
798.861084 -354.374390 -115.979675
798.861084 -354.880646 -115.979675
798.861084 -355.386932 -115.979675
799.114197 -356.146301 -115.979675
799.114197 -356.399445 -115.979675
799.114197 -356.905701 -115.979675
801.898621 -387.534363 -115.979675
802.151733 -388.293732 -115.979675
802.151733 -390.318787 -115.979675
802.404846 -390.825043 -115.979675
802.404846 -391.078156 -115.979675
802.151733 -391.584412 -115.979675
801.898621 -392.090668 -115.979675
801.898621 -392.343811 -115.979675
801.645508 -393.103210 -115.979675
801.392334 -393.862579 -115.979675
790.507813 -423.225586 -115.979675
790.254639 -423.984985 -115.979675
790.001526 -424.744354 -115.979675
789.495239 -425.503754 -115.979675
789.495239 -425.756897 -115.979675
789.242126 -426.263153 -115.979675
789.242126 -426.516266 -115.979675
763.929199 -450.816681 -115.979675
763.676086 -451.069824 -115.979675
763.422913 -451.576080 -115.979675
763.169800 -451.829224 -115.979675
762.916687 -452.082336 -115.979675
762.663574 -452.335480 -115.979675
762.157288 -452.588593 -115.979675
761.904175 -452.841736 -115.979675
726.212952 -464.738800 -115.979675
725.959778 -464.738800 -115.979675
725.453552 -464.738800 -115.979675
724.694153 -464.485687 -115.979675
724.187866 -464.485687 -115.979675
723.934753 -464.485687 -115.979675
723.428528 -464.485687 -115.979675
691.027954 -460.182495 -115.979675
690.521667 -460.182495 -115.979675
689.762268 -459.929352 -115.979675
689.509155 -459.929352 -115.979675
688.749756 -459.676208 -115.979675
688.496643 -459.676208 -115.979675
EXTRUSION
END POLYGON
BEGIN POLYGON
HEIGHT
93.798042 175.948761
TYPE
1
POINTS
688.243530 -460.688751 93.798042
689.002930 -459.423096 93.798042
692.799866 -459.676208 93.798042
697.862427 -460.435608 93.798042
705.203186 -461.448120 93.798042
709.506409 -461.954376 93.798042
741.653809 -458.916840 93.798042
746.210144 -457.398071 93.798042
770.004333 -444.235321 93.798042
776.838806 -437.907104 93.798042
793.545349 -413.100403 93.798042
795.317261 -408.544098 93.798042
797.848511 -401.203339 93.798042
799.873596 -372.093445 93.798042
799.367310 -367.030884 93.798042
787.723389 -335.895966 93.798042
785.951477 -333.364655 93.798042
765.954224 -313.114319 93.798042
760.891663 -309.823639 93.798042
756.588440 -307.039215 93.798042
752.791504 -304.507904 93.798042
748.994568 -301.976624 93.798042
747.728943 -300.964111 93.798042
747.728943 -299.698456 93.798042
748.994568 -300.204712 93.798042
751.019592 -301.470367 93.798042
757.094727 -305.520416 93.798042
763.169800 -309.570496 93.798042
767.473022 -312.354919 93.798042
771.269958 -314.886230 93.798042
777.091919 -318.683167 93.798042
779.876343 -320.455078 93.798042
781.648254 -323.492615 93.798042
786.710815 -331.845886 93.798042
789.495239 -336.402222 93.798042
793.545349 -342.983582 93.798042
795.823486 -346.780518 93.798042
798.354797 -351.083710 93.798042
799.367310 -352.855621 93.798042
799.873596 -356.146301 93.798042
800.379822 -361.208893 93.798042
800.886108 -366.524597 93.798042
801.392334 -371.334076 93.798042
801.898621 -376.649780 93.798042
802.404846 -381.712372 93.798042
802.911133 -388.293732 93.798042
802.911133 -392.343811 93.798042
801.139221 -396.900146 93.798042
798.607910 -403.734619 93.798042
796.835999 -408.797211 93.798042
795.064087 -413.353546 93.798042
793.545349 -417.403625 93.798042
791.520325 -422.719330 93.798042
790.001526 -427.022522 93.798042
783.926392 -433.097626 93.798042
778.357605 -438.413361 93.798042
775.066895 -441.450897 93.798042
771.016846 -445.247864 93.798042
767.726135 -448.538544 93.798042
764.435486 -451.576080 93.798042
761.397888 -454.107391 93.798042
756.588440 -455.626160 93.798042
749.500854 -457.904327 93.798042
744.691345 -459.423096 93.798042
740.135010 -460.941864 93.798042
735.072449 -462.713776 93.798042
730.516113 -464.232544 93.798042
726.212952 -465.498199 93.798042
722.922241 -465.245056 93.798042
717.606506 -464.485687 93.798042
710.012634 -463.473175 93.798042
705.203186 -462.966919 93.798042
700.140625 -462.207520 93.798042
692.799866 -461.195007 93.798042
688.243530 -460.688751 93.798042
TAPER
718.112793 -379.940460 175.948761
718.112793 -379.940460 175.948761
718.112793 -379.940460 175.948761
718.112793 -379.940460 175.948761
718.112793 -379.940460 175.948761
718.112793 -379.940460 175.948761
718.112793 -379.940460 175.948761
718.112793 -379.940460 175.948761
718.112793 -379.940460 175.948761
718.112793 -379.940460 175.948761
718.112793 -379.940460 175.948761
718.112793 -379.940460 175.948761
718.112793 -379.940460 175.948761
718.112793 -379.940460 175.948761
718.112793 -379.940460 175.948761
718.112793 -379.940460 175.948761
718.112793 -379.940460 175.948761
718.112793 -379.940460 175.948761
718.112793 -379.940460 175.948761
718.112793 -379.940460 175.948761
718.112793 -379.940460 175.948761
718.112793 -379.940460 175.948761
718.112793 -379.940460 175.948761
718.112793 -379.940460 175.948761
718.112793 -379.940460 175.948761
718.112793 -379.940460 175.948761
718.112793 -379.940460 175.948761
718.112793 -379.940460 175.948761
718.112793 -379.940460 175.948761
718.112793 -379.940460 175.948761
718.112793 -379.940460 175.948761
718.112793 -379.940460 175.948761
718.112793 -379.940460 175.948761
718.112793 -379.940460 175.948761
718.112793 -379.940460 175.948761
718.112793 -379.940460 175.948761
718.112793 -379.940460 175.948761
718.112793 -379.940460 175.948761
718.112793 -379.940460 175.948761
718.112793 -379.940460 175.948761
718.112793 -379.940460 175.948761
718.112793 -379.940460 175.948761
718.112793 -379.940460 175.948761
718.112793 -379.940460 175.948761
718.112793 -379.940460 175.948761
718.112793 -379.940460 175.948761
718.112793 -379.940460 175.948761
718.112793 -379.940460 175.948761
718.112793 -379.940460 175.948761
718.112793 -379.940460 175.948761
718.112793 -379.940460 175.948761
718.112793 -379.940460 175.948761
718.112793 -379.940460 175.948761
718.112793 -379.940460 175.948761
718.112793 -379.940460 175.948761
718.112793 -379.940460 175.948761
718.112793 -379.940460 175.948761
718.112793 -379.940460 175.948761
718.112793 -379.940460 175.948761
718.112793 -379.940460 175.948761
718.112793 -379.940460 175.948761
718.112793 -379.940460 175.948761
718.112793 -379.940460 175.948761
718.112793 -379.940460 175.948761
718.112793 -379.940460 175.948761
718.112793 -379.940460 175.948761
718.112793 -379.940460 175.948761
718.112793 -379.940460 175.948761
718.112793 -379.940460 175.948761
718.112793 -379.940460 175.948761
718.112793 -379.940460 175.948761
718.112793 -379.940460 175.948761
718.112793 -379.940460 175.948761
718.112793 -379.940460 175.948761
718.112793 -379.940460 175.948761
END POLYGON
BEGIN POLYGON
HEIGHT
-806.144775 -595.862854
TYPE
0
POINTS
770.653809 -240.267136 90.107674
770.653809 -240.267136 92.203865
770.217468 -241.446732 93.042336
770.072021 -241.839935 93.461571
769.635681 -243.019531 94.300049
747.527466 -302.785645 137.481506
746.654785 -305.144836 140.835403
746.654785 -305.144836 141.673874
746.654785 -305.144836 161.378036
747.236572 -303.572021 163.893448
747.236572 -303.572021 164.731934
747.236572 -303.572021 165.570404
747.236572 -303.572021 165.989639
731.091797 -347.217041 210.848038
730.946350 -347.610229 211.267273
730.655457 -348.396606 212.105759
730.510010 -348.789825 212.524994
730.219116 -349.576202 213.363464
729.928223 -350.362610 214.201935
720.183167 -376.706879 241.033127
720.037720 -377.100067 241.452377
719.746826 -377.886475 242.290848
719.601379 -378.279663 242.710083
719.310486 -379.066071 242.290848
693.129761 -449.841736 169.343536
692.693420 -451.021332 168.505066
692.111633 -452.594116 166.828110
691.966187 -452.987305 165.989639
691.966187 -452.987305 165.570404
691.966187 -452.987305 165.151169
691.966187 -452.987305 163.893448
692.402527 -451.807709 142.093109
692.402527 -451.807709 141.673874
692.402527 -451.807709 141.254639
692.402527 -451.807709 140.835403
692.402527 -451.807709 140.416168
692.402527 -451.807709 139.996918
692.402527 -451.807709 139.577682
691.966187 -452.987305 138.319977
669.712524 -513.146606 94.719284
669.421631 -513.933044 94.300049
669.276184 -514.326233 93.880814
668.985291 -515.112610 93.461571
668.694397 -515.898987 92.623100
668.403503 -516.685425 92.203865
668.403503 -516.685425 90.107674
668.985291 -515.112610 -113.641693
668.985291 -515.112610 -114.899406
669.130737 -514.719421 -116.157120
770.217468 -241.446732 -114.480171
770.217468 -241.446732 87.592247
770.653809 -240.267136 90.526909
770.653809 -240.267136 90.107674
EXTRUSION
END POLYGON
BEGIN POLYGON
HEIGHT
-115.132622 242.301193
TYPE
0
POINTS
340.503601 -318.997009 -115.132622
340.752106 -318.002960 -115.132622
391.946442 -178.336899 -115.132622
392.194946 -177.591339 -115.132622
392.443451 -177.094315 -115.132622
392.691986 -176.845795 -115.132622
393.189026 -177.094315 -115.132622
546.274963 -232.761917 -115.132622
546.771973 -233.010437 -115.132622
547.020508 -233.010437 -115.132622
548.014526 -233.507477 -115.132622
548.014526 -233.755981 -115.132622
547.766052 -234.501541 -115.132622
495.826172 -373.919067 -115.132622
495.577637 -374.416107 -115.132622
495.577637 -374.913147 -115.132622
495.577637 -375.410187 -115.132622
495.329132 -375.410187 -115.132622
341.249146 -319.245544 -115.132622
340.503601 -318.748505 -115.132622
340.503601 -318.997009 -115.132622
EXTRUSION
END POLYGON
BEGIN POLYGON
HEIGHT
242.301193 400.396912
TYPE
0
POINTS
364.112640 -283.956238 242.301193
364.112640 -283.459198 242.301193
364.112640 -282.962189 242.301193
364.361145 -282.216644 242.301193
364.361145 -281.719604 242.301193
364.361145 -281.471069 242.301193
364.609650 -280.725525 242.301193
368.585907 -248.915466 242.301193
368.834442 -248.418442 242.301193
369.082947 -247.672882 242.301193
369.579987 -247.175858 242.301193
369.828491 -246.678818 242.301193
370.325531 -246.181793 242.301193
370.574036 -245.684753 242.301193
386.727600 -221.081665 242.301193
387.473145 -219.590561 242.301193
387.970184 -219.093536 242.301193
388.964233 -218.099472 242.301193
389.212769 -217.850952 242.301193
416.301025 -201.697403 242.301193
417.046570 -201.200378 242.301193
417.295074 -200.951859 242.301193
418.786163 -200.206314 242.301193
419.531708 -199.957794 242.301193
420.028748 -199.957794 242.301193
420.277283 -199.957794 242.301193
420.774292 -199.957794 242.301193
421.271332 -199.957794 242.301193
445.874420 -197.472626 242.301193
446.371460 -197.472626 242.301193
446.619965 -197.472626 242.301193
447.117004 -197.472626 242.301193
447.365540 -197.472626 242.301193
448.608093 -197.224121 242.301193
449.105133 -197.224121 242.301193
449.850677 -197.472626 242.301193
450.099213 -197.472626 242.301193
450.596222 -197.721146 242.301193
450.844757 -197.721146 242.301193
486.134033 -209.898438 242.301193
486.382568 -209.898438 242.301193
486.879578 -210.146957 242.301193
487.128113 -210.146957 242.301193
487.625122 -210.395477 242.301193
487.873657 -210.395477 242.301193
488.370697 -210.643982 242.301193
488.619202 -210.643982 242.301193
489.116241 -210.892502 242.301193
489.364746 -210.892502 242.301193
489.861786 -211.141022 242.301193
490.855835 -212.383606 242.301193
491.104370 -212.632111 242.301193
491.352875 -212.880630 242.301193
491.601379 -213.129150 242.301193
510.488617 -232.761917 242.301193
510.737122 -233.010437 242.301193
510.985657 -233.258957 242.301193
511.731201 -234.004501 242.301193
511.979706 -234.253021 242.301193
512.476746 -234.750046 242.301193
523.659973 -268.299713 242.301193
523.659973 -268.548248 242.301193
523.659973 -268.796753 242.301193
523.659973 -269.045288 242.301193
523.659973 -269.790833 242.301193
523.411438 -270.287842 242.301193
523.411438 -270.784882 242.301193
523.411438 -271.033417 242.301193
523.411438 -271.778961 242.301193
519.186707 -304.086060 242.301193
518.689636 -304.831604 242.301193
518.441162 -305.080109 242.301193
518.192627 -305.328644 242.301193
517.944092 -305.825653 242.301193
517.695557 -306.074188 242.301193
517.447083 -306.819733 242.301193
501.542023 -330.925781 242.301193
501.293518 -331.174316 242.301193
501.045013 -331.919861 242.301193
500.796478 -332.168365 242.301193
500.547974 -332.416901 242.301193
500.299469 -332.913910 242.301193
500.050934 -333.162445 242.301193
499.802429 -333.410950 242.301193
499.553894 -333.907990 242.301193
499.305389 -334.156494 242.301193
498.808350 -334.405029 242.301193
498.559845 -334.653534 242.301193
497.814301 -334.902039 242.301193
497.565765 -335.150574 242.301193
471.471588 -350.807068 242.301193
471.223083 -351.055603 242.301193
470.726044 -351.304108 242.301193
470.477509 -351.552643 242.301193
470.229004 -351.801147 242.301193
469.483459 -352.049652 242.301193
468.986420 -352.298187 242.301193
468.240875 -352.546692 242.301193
467.743835 -352.546692 242.301193
467.495331 -352.546692 242.301193
466.998291 -352.546692 242.301193
466.749786 -352.546692 242.301193
466.252747 -352.546692 242.301193
465.507202 -352.795197 242.301193
437.176361 -355.280365 242.301193
436.679321 -355.528900 242.301193
436.430817 -355.528900 242.301193
435.933777 -355.528900 242.301193
435.685272 -355.528900 242.301193
435.188232 -355.528900 242.301193
434.691193 -355.528900 242.301193
433.945648 -355.777405 242.301193
433.697144 -355.777405 242.301193
433.448608 -355.777405 242.301193
431.211975 -354.783325 242.301193
430.963470 -354.783325 242.301193
403.875214 -344.842682 242.301193
402.384094 -344.097137 242.301193
402.135590 -344.097137 242.301193
401.390045 -343.848633 242.301193
400.644501 -343.600098 242.301193
399.898956 -343.103088 242.301193
375.295837 -317.754425 242.301193
375.047333 -317.008881 242.301193
374.798828 -316.263336 242.301193
374.550293 -315.517792 242.301193
364.112640 -283.459198 242.301193
364.112640 -283.956238 242.301193
EXTRUSION
END POLYGON
BEGIN POLYGON
HEIGHT
400.396912 575.676941
TYPE
1
POINTS
361.875977 -284.453278 400.396912
361.875977 -282.713654 400.396912
362.373016 -278.737396 400.396912
363.118561 -273.021545 400.396912
363.864105 -267.305664 400.396912
364.609650 -261.589783 400.396912
365.355194 -255.873917 400.396912
365.852234 -252.146179 400.396912
366.597778 -247.672882 400.396912
368.088898 -245.187729 400.396912
371.816620 -239.471863 400.396912
374.550293 -235.247086 400.396912
376.289917 -232.513412 400.396912
379.272095 -228.040115 400.396912
381.260254 -225.057922 400.396912
384.490936 -220.087601 400.396912
386.479065 -217.105408 400.396912
388.964233 -215.365799 400.396912
393.437531 -212.632111 400.396912
396.419708 -210.892502 400.396912
402.632629 -207.164764 400.396912
407.602936 -204.182571 400.396912
413.318817 -200.703339 400.396912
417.543579 -198.218185 400.396912
419.283203 -197.721146 400.396912
424.502045 -197.224121 400.396912
429.472351 -196.727081 400.396912
434.691193 -196.230057 400.396912
440.407074 -195.733017 400.396912
445.625916 -195.235992 400.396912
446.868500 -195.235992 400.396912
455.566559 -198.466690 400.396912
463.270569 -201.448883 400.396912
469.234955 -203.685532 400.396912
471.968628 -204.679596 400.396912
480.666687 -207.910309 400.396912
486.382568 -210.146957 400.396912
489.613251 -211.389542 400.396912
494.832092 -213.377670 400.396912
496.074677 -214.371735 400.396912
499.305389 -217.850952 400.396912
503.281647 -221.827209 400.396912
505.269775 -223.815338 400.396912
508.997528 -227.791595 400.396912
511.731201 -230.525284 400.396912
514.216370 -233.258957 400.396912
514.961914 -234.501541 400.396912
516.204468 -238.477798 400.396912
517.695557 -242.951080 400.396912
518.689636 -245.933273 400.396912
520.677795 -251.897659 400.396912
521.920349 -255.625412 400.396912
524.156982 -262.335327 400.396912
525.399597 -266.311584 400.396912
525.896606 -268.299713 400.396912
525.896606 -270.039337 400.396912
525.399597 -274.015594 400.396912
524.654053 -279.731476 400.396912
523.908508 -285.447327 400.396912
523.162964 -291.163208 400.396912
522.417419 -296.879089 400.396912
521.920349 -300.855347 400.396912
521.423340 -304.583069 400.396912
519.186707 -308.310822 400.396912
517.198547 -311.293030 400.396912
514.713379 -315.020752 400.396912
510.985657 -320.736633 400.396912
508.500488 -324.464355 400.396912
505.766815 -328.689148 400.396912
502.287598 -334.156494 400.396912
501.293518 -335.399078 400.396912
499.553894 -336.641663 400.396912
495.080627 -339.375336 400.396912
490.607330 -342.109009 400.396912
485.885529 -344.842682 400.396912
480.666687 -348.073395 400.396912
476.690430 -350.558563 400.396912
470.477509 -354.286316 400.396912
468.737915 -354.783325 400.396912
463.022034 -355.280365 400.396912
457.803192 -355.777405 400.396912
452.832886 -356.274445 400.396912
447.614044 -356.771454 400.396912
442.643707 -357.268494 400.396912
439.412994 -357.517029 400.396912
435.685272 -357.019989 400.396912
432.206055 -356.025909 400.396912
429.223846 -355.031860 400.396912
425.993134 -353.789276 400.396912
421.022827 -351.801147 400.396912
415.306946 -349.564484 400.396912
409.342560 -347.576355 400.396912
400.395966 -344.097137 400.396912
397.165283 -343.103088 400.396912
395.177155 -341.611969 400.396912
392.940491 -339.375336 400.396912
388.467194 -334.653534 400.396912
385.733521 -331.919861 400.396912
382.254303 -328.192108 400.396912
378.278046 -324.215851 400.396912
375.047333 -320.736633 400.396912
373.059204 -318.499969 400.396912
371.816620 -314.772247 400.396912
369.579987 -308.062317 400.396912
368.337402 -304.086060 400.396912
366.100769 -297.376099 400.396912
364.858185 -293.648376 400.396912
362.621521 -286.938446 400.396912
361.875977 -284.453278 400.396912
TAPER
440.728638 -276.568024 575.676941
440.728638 -276.501038 575.676941
440.747772 -276.347931 575.676941
440.776459 -276.127869 575.676941
440.805176 -275.907776 575.676941
440.833893 -275.687714 575.676941
440.862579 -275.467621 575.676941
440.881714 -275.324097 575.676941
440.910431 -275.151855 575.676941
440.967834 -275.056183 575.676941
441.111389 -274.836090 575.676941
441.216644 -274.673431 575.676941
441.283600 -274.568176 575.676941
441.398438 -274.395935 575.676941
441.474976 -274.281097 575.676941
441.599365 -274.089752 575.676941
441.675934 -273.974915 575.676941
441.771606 -273.907928 575.676941
441.943848 -273.802673 575.676941
442.058685 -273.735687 575.676941
442.297882 -273.592163 575.676941
442.489258 -273.477356 575.676941
442.709351 -273.343384 575.676941
442.872009 -273.247681 575.676941
442.938995 -273.228546 575.676941
443.139923 -273.209412 575.676941
443.331299 -273.190277 575.676941
443.532257 -273.171143 575.676941
443.752319 -273.152008 575.676941
443.953278 -273.132874 575.676941
444.001129 -273.132874 575.676941
444.336029 -273.257263 575.676941
444.632660 -273.372101 575.676941
444.862305 -273.458191 575.676941
444.967560 -273.496490 575.676941
445.302460 -273.620880 575.676941
445.522522 -273.707001 575.676941
445.646912 -273.754822 575.676941
445.847870 -273.831390 575.676941
445.895721 -273.869659 575.676941
446.020111 -274.003632 575.676941
446.173218 -274.156708 575.676941
446.249756 -274.233276 575.676941
446.393280 -274.386353 575.676941
446.498535 -274.491608 575.676941
446.594238 -274.596863 575.676941
446.622925 -274.644714 575.676941
446.670776 -274.797821 575.676941
446.728180 -274.970062 575.676941
446.766449 -275.084869 575.676941
446.843018 -275.314514 575.676941
446.890869 -275.458069 575.676941
446.976959 -275.716400 575.676941
447.024811 -275.869507 575.676941
447.043945 -275.946045 575.676941
447.043945 -276.013031 575.676941
447.024811 -276.166138 575.676941
446.996124 -276.386230 575.676941
446.967407 -276.606293 575.676941
446.938690 -276.826385 575.676941
446.910004 -277.046448 575.676941
446.890869 -277.199554 575.676941
446.871704 -277.343079 575.676941
446.785614 -277.486603 575.676941
446.709045 -277.601440 575.676941
446.613373 -277.744965 575.676941
446.469818 -277.965057 575.676941
446.374146 -278.108582 575.676941
446.268890 -278.271240 575.676941
446.134918 -278.481750 575.676941
446.096649 -278.529602 575.676941
446.029663 -278.577454 575.676941
445.857452 -278.682709 575.676941
445.685211 -278.787964 575.676941
445.503387 -278.893219 575.676941
445.302460 -279.017609 575.676941
445.149353 -279.113281 575.676941
444.910126 -279.256836 575.676941
444.843170 -279.275970 575.676941
444.623077 -279.295105 575.676941
444.422150 -279.314240 575.676941
444.230774 -279.333374 575.676941
444.029816 -279.352509 575.676941
443.838440 -279.371643 575.676941
443.714050 -279.381226 575.676941
443.570526 -279.362091 575.676941
443.436554 -279.323792 575.676941
443.321747 -279.285522 575.676941
443.197357 -279.237671 575.676941
443.005981 -279.161133 575.676941
442.785889 -279.075012 575.676941
442.556244 -278.998474 575.676941
442.211761 -278.864502 575.676941
442.087372 -278.826233 575.676941
442.010834 -278.768829 575.676941
441.924713 -278.682709 575.676941
441.752472 -278.500885 575.676941
441.647217 -278.395630 575.676941
441.513275 -278.252106 575.676941
441.360168 -278.098999 575.676941
441.235779 -277.965057 575.676941
441.159210 -277.878937 575.676941
441.111389 -277.735413 575.676941
441.025269 -277.477051 575.676941
440.977417 -277.323944 575.676941
440.891296 -277.065582 575.676941
440.843445 -276.922058 575.676941
440.757324 -276.663696 575.676941
440.728638 -276.568024 575.676941
END POLYGON
BEGIN POLYGON
HEIGHT
-115.132675 92.207954
TYPE
0
POINTS
308.745270 -421.068512 -115.132675
308.745270 -420.482086 -115.132675
308.940735 -419.700165 -115.132675
308.940735 -419.309204 -115.132675
308.940735 -418.918243 -115.132675
312.654816 -390.378418 -115.132675
312.850311 -389.596497 -115.132675
312.850311 -389.205536 -115.132675
312.850311 -388.814575 -115.132675
313.045776 -388.228149 -115.132675
313.241272 -388.228149 -115.132675
313.632202 -388.423615 -115.132675
313.827698 -388.423615 -115.132675
469.232971 -445.894257 -115.132675
470.014893 -446.285217 -115.132675
470.210388 -446.285217 -115.132675
470.601318 -446.480713 -115.132675
470.014893 -447.067139 -115.132675
453.594727 -472.088348 -115.132675
452.617310 -473.847656 -115.132675
452.226379 -474.238617 -115.132675
421.731750 -492.613586 -115.132675
421.340790 -493.004547 -115.132675
420.949829 -493.200012 -115.132675
420.558868 -493.395508 -115.132675
420.363403 -493.590973 -115.132675
419.972443 -493.786469 -115.132675
418.604095 -493.786469 -115.132675
418.213135 -493.981934 -115.132675
385.177307 -497.109589 -115.132675
384.786346 -497.109589 -115.132675
384.199890 -497.109589 -115.132675
383.808929 -497.109589 -115.132675
383.417999 -497.109589 -115.132675
383.027039 -497.305084 -115.132675
382.636078 -497.305084 -115.132675
382.245117 -497.305084 -115.132675
381.463196 -497.109589 -115.132675
380.876770 -496.718628 -115.132675
349.991180 -485.380890 -115.132675
349.209290 -485.185425 -115.132675
348.622833 -484.794464 -115.132675
347.840942 -484.598969 -115.132675
347.449982 -484.403503 -115.132675
346.863525 -484.208008 -115.132675
321.060394 -457.622955 -115.132675
320.669434 -457.036530 -115.132675
320.278473 -456.059143 -115.132675
320.083008 -455.668182 -115.132675
319.887512 -454.886261 -115.132675
319.692047 -454.495300 -115.132675
308.745270 -420.873047 -115.132675
308.745270 -421.068512 -115.132675
EXTRUSION
END POLYGON
BEGIN POLYGON
HEIGHT
92.207954 173.404282
TYPE
1
POINTS
306.204041 -421.263977 92.207954
306.595001 -417.940857 92.207954
307.181427 -413.640350 92.207954
307.572388 -410.512695 92.207954
308.158813 -406.016693 92.207954
308.745270 -401.716156 92.207954
309.136200 -398.588501 92.207954
309.527161 -395.851807 92.207954
310.113617 -391.551270 92.207954
310.504547 -388.228149 92.207954
310.700043 -387.055267 92.207954
313.436737 -388.032684 92.207954
319.887512 -390.182922 92.207954
328.684052 -393.310577 92.207954
331.616211 -394.483459 92.207954
337.285095 -396.633728 92.207954
340.217285 -397.611115 92.207954
343.344940 -398.783966 92.207954
349.013794 -400.934235 92.207954
351.555023 -401.911621 92.207954
360.156067 -405.039276 92.207954
363.870148 -406.407623 92.207954
369.148071 -408.362427 92.207954
371.884766 -409.339813 92.207954
375.598846 -410.708160 92.207954
380.485809 -412.467468 92.207954
383.417999 -413.640350 92.207954
389.477814 -415.790588 92.207954
392.019043 -416.767975 92.207954
395.928589 -418.331818 92.207954
400.620087 -420.091125 92.207954
407.657288 -422.241394 92.207954
415.280945 -425.369049 92.207954
418.017670 -426.346436 92.207954
423.686523 -428.496704 92.207954
427.009674 -429.669556 92.207954
432.287567 -431.624329 92.207954
436.392609 -433.188171 92.207954
441.279572 -434.947479 92.207954
448.121307 -437.097748 92.207954
455.549500 -440.225403 92.207954
458.481659 -441.398254 92.207954
464.541504 -443.548523 92.207954
468.060120 -444.525909 92.207954
472.947083 -446.676178 92.207954
473.142548 -446.871643 92.207954
471.383240 -449.608337 92.207954
469.232971 -452.931488 92.207954
466.105316 -457.622955 92.207954
463.955078 -460.946106 92.207954
462.000275 -463.878265 92.207954
459.263580 -467.983307 92.207954
457.504272 -470.720001 92.207954
455.354034 -474.043152 92.207954
453.985657 -475.997925 92.207954
449.685150 -478.734619 92.207954
444.211761 -482.057770 92.207954
439.520264 -484.794464 92.207954
436.979065 -486.358276 92.207954
432.483063 -489.094971 92.207954
426.032257 -493.004547 92.207954
424.077484 -494.177429 92.207954
421.536255 -495.545776 92.207954
420.363403 -496.132202 92.207954
416.844788 -496.523163 92.207954
412.935211 -496.914124 92.207954
408.830170 -497.305084 92.207954
404.529663 -497.696014 92.207954
400.620087 -498.086975 92.207954
396.515045 -498.477936 92.207954
392.214508 -498.868896 92.207954
388.304932 -499.259857 92.207954
384.199890 -499.650818 92.207954
381.854156 -499.650818 92.207954
380.290344 -499.259857 92.207954
377.749115 -498.282471 92.207954
372.471191 -496.327667 92.207954
368.757111 -494.959320 92.207954
365.629456 -493.786469 92.207954
360.742493 -492.027161 92.207954
357.028412 -490.658813 92.207954
352.923370 -489.094971 92.207954
349.209290 -487.726624 92.207954
346.668060 -486.749237 92.207954
345.104218 -485.967316 92.207954
343.735870 -484.598969 92.207954
339.239868 -479.907501 92.207954
335.916748 -476.388885 92.207954
333.375519 -473.847656 92.207954
330.052399 -470.329071 92.207954
326.729279 -466.810455 92.207954
323.992554 -464.073761 92.207954
320.864929 -460.946106 92.207954
318.323700 -458.209412 92.207954
317.346313 -455.081757 92.207954
315.587006 -449.803833 92.207954
314.218658 -445.698792 92.207954
312.068390 -439.247986 92.207954
310.504547 -434.556519 92.207954
309.331696 -430.842438 92.207954
308.158813 -427.323822 92.207954
306.790466 -423.218781 92.207954
306.204041 -421.263977 92.207954
TAPER
392.214508 -417.354431 173.404282
392.214508 -417.354431 173.404282
392.214508 -417.354431 173.404282
392.214508 -417.354431 173.404282
392.214508 -417.354431 173.404282
392.214508 -417.354431 173.404282
392.214508 -417.354431 173.404282
392.214508 -417.354431 173.404282
392.214508 -417.354431 173.404282
392.214508 -417.354431 173.404282
392.214508 -417.354431 173.404282
392.214508 -417.354431 173.404282
392.214508 -417.354431 173.404282
392.214508 -417.354431 173.404282
392.214508 -417.354431 173.404282
392.214508 -417.354431 173.404282
392.214508 -417.354431 173.404282
392.214508 -417.354431 173.404282
392.214508 -417.354431 173.404282
392.214508 -417.354431 173.404282
392.214508 -417.354431 173.404282
392.214508 -417.354431 173.404282
392.214508 -417.354431 173.404282
392.214508 -417.354431 173.404282
392.214508 -417.354431 173.404282
392.214508 -417.354431 173.404282
392.214508 -417.354431 173.404282
392.214508 -417.354431 173.404282
392.214508 -417.354431 173.404282
392.214508 -417.354431 173.404282
392.214508 -417.354431 173.404282
392.214508 -417.354431 173.404282
392.214508 -417.354431 173.404282
392.214508 -417.354431 173.404282
392.214508 -417.354431 173.404282
392.214508 -417.354431 173.404282
392.214508 -417.354431 173.404282
392.214508 -417.354431 173.404282
392.214508 -417.354431 173.404282
392.214508 -417.354431 173.404282
392.214508 -417.354431 173.404282
392.214508 -417.354431 173.404282
392.214508 -417.354431 173.404282
392.214508 -417.354431 173.404282
392.214508 -417.354431 173.404282
392.214508 -417.354431 173.404282
392.214508 -417.354431 173.404282
392.214508 -417.354431 173.404282
392.214508 -417.354431 173.404282
392.214508 -417.354431 173.404282
392.214508 -417.354431 173.404282
392.214508 -417.354431 173.404282
392.214508 -417.354431 173.404282
392.214508 -417.354431 173.404282
392.214508 -417.354431 173.404282
392.214508 -417.354431 173.404282
392.214508 -417.354431 173.404282
392.214508 -417.354431 173.404282
392.214508 -417.354431 173.404282
392.214508 -417.354431 173.404282
392.214508 -417.354431 173.404282
392.214508 -417.354431 173.404282
392.214508 -417.354431 173.404282
392.214508 -417.354431 173.404282
392.214508 -417.354431 173.404282
392.214508 -417.354431 173.404282
392.214508 -417.354431 173.404282
392.214508 -417.354431 173.404282
392.214508 -417.354431 173.404282
392.214508 -417.354431 173.404282
392.214508 -417.354431 173.404282
392.214508 -417.354431 173.404282
392.214508 -417.354431 173.404282
392.214508 -417.354431 173.404282
392.214508 -417.354431 173.404282
392.214508 -417.354431 173.404282
392.214508 -417.354431 173.404282
392.214508 -417.354431 173.404282
392.214508 -417.354431 173.404282
392.214508 -417.354431 173.404282
392.214508 -417.354431 173.404282
392.214508 -417.354431 173.404282
392.214508 -417.354431 173.404282
392.214508 -417.354431 173.404282
392.214508 -417.354431 173.404282
392.214508 -417.354431 173.404282
392.214508 -417.354431 173.404282
392.214508 -417.354431 173.404282
392.214508 -417.354431 173.404282
392.214508 -417.354431 173.404282
392.214508 -417.354431 173.404282
392.214508 -417.354431 173.404282
392.214508 -417.354431 173.404282
392.214508 -417.354431 173.404282
392.214508 -417.354431 173.404282
392.214508 -417.354431 173.404282
392.214508 -417.354431 173.404282
392.214508 -417.354431 173.404282
392.214508 -417.354431 173.404282
392.214508 -417.354431 173.404282
392.214508 -417.354431 173.404282
392.214508 -417.354431 173.404282
392.214508 -417.354431 173.404282
END POLYGON
BEGIN POLYGON
HEIGHT
-255.814285 -182.909103
TYPE
0
POINTS
471.314331 -447.100128 170.184845
470.167786 -446.675995 171.407272
469.594543 -446.463959 172.018478
394.498749 -418.685150 244.752884
393.925507 -418.473083 245.364105
392.205780 -417.836945 246.586533
391.632538 -417.624908 247.197739
389.339508 -416.776672 244.752884
314.816956 -389.209930 172.629700
314.243683 -388.997864 172.018478
313.670441 -388.785828 171.407272
313.097198 -388.573761 170.796051
312.523956 -388.361725 170.184845
311.950684 -388.149658 169.573624
311.377441 -387.937622 168.962418
311.377441 -387.937622 167.128769
311.950684 -388.149658 -112.806999
312.523956 -388.361725 -114.640640
314.243683 -388.997864 -114.640640
467.874817 -445.827789 -114.640640
470.741028 -446.888062 170.796051
471.314331 -447.100128 170.184845
EXTRUSION
END POLYGON
