BEGIN POLYGON
HEIGHT
0.000000 167.924637
TYPE
0
POINTS
-377.583710 235.712036 0.000000
-377.195984 237.262909 0.000000
-376.808289 238.426056 0.000000
-376.420563 239.976913 0.000000
-376.032837 241.140060 0.000000
-326.017517 270.218750 0.000000
-324.466644 270.994171 0.000000
-324.078949 273.320465 0.000000
-338.036713 298.521973 0.000000
-338.812134 300.072845 0.000000
-339.199860 300.460571 0.000000
-339.587585 301.235992 0.000000
-137.587677 413.673553 0.000000
-137.199966 414.061279 0.000000
-135.649094 414.836700 0.000000
-135.261383 414.448975 0.000000
-134.873672 413.673553 0.000000
-134.485947 412.898132 0.000000
-120.140472 386.921173 0.000000
-119.752754 386.145752 0.000000
-119.365036 385.758026 0.000000
-117.814178 385.758026 0.000000
-52.677937 421.427856 0.000000
-51.902504 421.427856 0.000000
-51.127071 421.040161 0.000000
-50.739357 421.040161 0.000000
-49.963924 420.652435 0.000000
-49.576210 420.652435 0.000000
-49.188492 420.652435 0.000000
-48.413063 420.264709 0.000000
-48.025345 420.264709 0.000000
-47.249916 419.877014 0.000000
-46.862198 419.877014 0.000000
-46.474483 419.877014 0.000000
-46.086769 419.877014 0.000000
-46.474483 419.489288 0.000000
-49.576210 417.938416 0.000000
-49.963924 417.550720 0.000000
-53.065651 415.999847 0.000000
-53.453365 415.612122 0.000000
-56.555092 414.061279 0.000000
-56.942806 413.673553 0.000000
-60.044533 412.122681 0.000000
-60.432251 411.734985 0.000000
-63.533974 410.184113 0.000000
-63.921692 409.796387 0.000000
-67.023415 408.245544 0.000000
-67.411133 407.857819 0.000000
-70.512856 406.306946 0.000000
-70.900574 405.919250 0.000000
-74.002296 404.368378 0.000000
-74.390015 403.980652 0.000000
-77.491745 402.429810 0.000000
-77.879456 402.042084 0.000000
-80.205750 400.878937 0.000000
-80.593468 400.491211 0.000000
-83.695190 398.940369 0.000000
-84.082909 398.552643 0.000000
-87.184631 397.001770 0.000000
-87.572350 396.614075 0.000000
-90.674072 395.063202 0.000000
-91.061790 394.675476 0.000000
-94.163521 393.124634 0.000000
-94.551231 392.736908 0.000000
-97.652962 391.186035 0.000000
-98.040672 390.798340 0.000000
-101.142403 389.247467 0.000000
-101.530113 388.859741 0.000000
-104.631844 387.308899 0.000000
-105.019554 386.921173 0.000000
-108.121284 385.370300 0.000000
-108.509003 384.982605 0.000000
-111.610725 383.431732 0.000000
-111.998444 383.044006 0.000000
-115.100166 381.493164 0.000000
-115.487885 381.105438 0.000000
-118.589607 379.554565 0.000000
-118.977325 379.166870 0.000000
-122.079048 377.615997 0.000000
-122.466766 377.228271 0.000000
-125.568489 375.677399 0.000000
-125.956207 375.289703 0.000000
-129.057938 373.738831 0.000000
-129.445648 373.351105 0.000000
-132.547379 371.800262 0.000000
-132.935089 371.412537 0.000000
-136.036819 369.861664 0.000000
-136.424530 369.473969 0.000000
-139.526260 367.923096 0.000000
-139.913971 367.535370 0.000000
-143.015701 365.984528 0.000000
-143.403412 365.596802 0.000000
-145.729706 364.433655 0.000000
-146.117432 364.045929 0.000000
-149.219147 362.495087 0.000000
-149.606873 362.107361 0.000000
-152.708588 360.556488 0.000000
-153.096313 360.168793 0.000000
-156.198029 358.617920 0.000000
-156.585754 358.230194 0.000000
-159.687469 356.679352 0.000000
-160.075195 356.291626 0.000000
-163.176910 354.740753 0.000000
-163.564636 354.353058 0.000000
-166.666351 352.802185 0.000000
-167.054077 352.414459 0.000000
-170.155807 350.863617 0.000000
-170.543518 350.475891 0.000000
-173.645248 348.925018 0.000000
-174.032959 348.537323 0.000000
-177.134689 346.986450 0.000000
-177.522400 346.598724 0.000000
-180.624130 345.047882 0.000000
-184.113571 343.109283 0.000000
-187.603012 341.170715 0.000000
-191.092453 339.232147 0.000000
-194.581894 337.293549 0.000000
-198.071335 335.354980 0.000000
-201.560776 333.416412 0.000000
-205.050217 331.477814 0.000000
-208.539658 329.539246 0.000000
-212.029099 327.600677 0.000000
-214.743103 326.049805 0.000000
-218.232544 324.111237 0.000000
-221.721985 322.172638 0.000000
-225.211426 320.234070 0.000000
-228.700882 318.295502 0.000000
-232.190323 316.356903 0.000000
-235.679764 314.418335 0.000000
-239.169205 312.479736 0.000000
-242.658646 310.541168 0.000000
-246.148087 308.602600 0.000000
-249.637527 306.664001 0.000000
-253.126968 304.725433 0.000000
-256.616394 302.786865 0.000000
-260.105835 300.848267 0.000000
-263.595276 298.909698 0.000000
-267.084717 296.971130 0.000000
-270.574188 295.032532 0.000000
-274.063629 293.093964 0.000000
-277.553070 291.155396 0.000000
-318.650909 268.280151 0.000000
-319.038635 267.892456 0.000000
-322.140350 266.341583 0.000000
-377.195984 235.712036 0.000000
-377.583710 235.712036 0.000000
EXTRUSION
END POLYGON
BEGIN POLYGON
HEIGHT
167.924637 341.208557
TYPE
0
POINTS
-240.720062 345.823303 167.924637
-239.556915 346.598724 167.924637
-239.169205 346.986450 167.924637
-209.702805 363.270508 167.924637
-209.315094 363.270508 167.924637
-208.539658 362.495087 167.924637
-208.151947 361.719635 167.924637
-195.745041 339.232147 167.924637
-195.357315 338.456696 167.924637
-194.969604 338.069000 167.924637
-194.581894 337.293549 167.924637
-194.581894 336.518127 167.924637
-195.357315 335.742706 167.924637
-223.272858 320.234070 167.924637
-224.048279 319.846344 167.924637
-224.823715 319.458649 167.924637
-225.211426 319.458649 167.924637
-225.599152 319.458649 167.924637
-226.374588 320.621796 167.924637
-239.169205 343.497009 167.924637
-239.556915 343.884735 167.924637
-240.332352 345.435577 167.924637
-240.720062 345.823303 167.924637
EXTRUSION
END POLYGON
BEGIN POLYGON
HEIGHT
341.208557 355.500031
TYPE
0
POINTS
-227.925446 341.946136 341.208557
-227.925446 346.598724 341.208557
-227.537735 348.149597 341.208557
-226.762299 349.700470 341.208557
-224.048279 352.414459 341.208557
-223.272858 353.189911 341.208557
-222.497421 353.577606 341.208557
-221.334274 353.965332 341.208557
-220.558838 354.353058 341.208557
-215.130829 353.965332 341.208557
-214.743103 353.965332 341.208557
-213.967682 353.577606 341.208557
-213.192245 353.189911 341.208557
-212.804535 353.189911 341.208557
-212.416809 352.802185 341.208557
-211.253662 352.026764 341.208557
-210.090515 350.475891 341.208557
-209.315094 349.700470 341.208557
-208.927368 348.537323 341.208557
-208.539658 347.761871 341.208557
-208.151947 346.598724 341.208557
-208.151947 342.721588 341.208557
-208.539658 341.558441 341.208557
-208.927368 340.395294 341.208557
-209.315094 339.619843 341.208557
-209.315094 339.232147 341.208557
-210.090515 338.456696 341.208557
-211.253662 336.905853 341.208557
-212.029099 336.518127 341.208557
-212.804535 336.130402 341.208557
-213.192245 335.742706 341.208557
-213.967682 335.354980 341.208557
-215.130829 334.967255 341.208557
-215.906250 334.579559 341.208557
-219.783417 334.579559 341.208557
-220.946564 334.967255 341.208557
-221.334274 334.967255 341.208557
-222.109711 335.354980 341.208557
-223.272858 335.742706 341.208557
-225.211426 337.293549 341.208557
-225.986862 338.456696 341.208557
-226.374588 338.844421 341.208557
-227.150009 340.395294 341.208557
-227.925446 342.333862 341.208557
-227.925446 341.946136 341.208557
EXTRUSION
END POLYGON
BEGIN POLYGON
HEIGHT
0.000000 167.839020
TYPE
0
POINTS
-447.505524 -8.335537 0.000000
-380.873718 225.358643 0.000000
-379.908051 228.255676 0.000000
-378.942352 232.118393 0.000000
-377.976685 235.015427 0.000000
-53.508717 415.597290 0.000000
-45.783291 419.459991 0.000000
-44.817612 419.459991 0.000000
-43.851933 419.459991 0.000000
-41.920578 418.494324 0.000000
-40.954899 418.494324 0.000000
-39.023540 417.528656 0.000000
-38.057861 417.528656 0.000000
-37.092186 417.528656 0.000000
182.116821 354.759552 0.000000
184.048187 353.793884 0.000000
185.013855 353.793884 0.000000
185.979538 353.793884 0.000000
187.910889 352.828186 0.000000
188.876572 352.828186 0.000000
190.807938 351.862518 0.000000
191.773605 351.862518 0.000000
192.739288 351.862518 0.000000
194.670639 350.896851 0.000000
195.636322 350.896851 0.000000
197.567673 349.931152 0.000000
198.533356 348.965485 0.000000
199.499039 347.999786 0.000000
200.464722 346.068451 0.000000
201.430389 344.137085 0.000000
224.606674 301.647247 0.000000
229.435074 301.647247 0.000000
241.988892 308.406982 0.000000
242.954559 309.372650 0.000000
244.885925 310.338348 0.000000
245.851608 310.338348 0.000000
246.817276 310.338348 0.000000
247.782959 309.372650 0.000000
248.748642 307.441315 0.000000
354.007599 117.202660 0.000000
357.870300 110.442909 0.000000
356.904633 109.477234 0.000000
354.973267 108.511551 0.000000
342.419434 101.751801 0.000000
341.453766 100.786125 0.000000
339.522400 95.957733 0.000000
373.321167 35.119991 0.000000
374.286835 33.188637 0.000000
375.252502 31.257278 0.000000
376.218201 29.325922 0.000000
377.183868 27.394564 0.000000
376.218201 24.497530 0.000000
376.218201 23.531851 0.000000
309.586395 -209.196655 0.000000
308.620697 -212.093689 0.000000
308.620697 -213.059357 0.000000
307.655029 -215.956406 0.000000
307.655029 -216.922073 0.000000
-15.847259 -396.538269 0.000000
-23.572685 -400.400970 0.000000
-24.538364 -400.400970 0.000000
-26.469721 -400.400970 0.000000
-29.366756 -399.435303 0.000000
-259.198242 -333.769165 0.000000
-264.992310 -331.837799 0.000000
-265.957977 -331.837799 0.000000
-267.889343 -330.872131 0.000000
-268.855011 -329.906464 0.000000
-270.786377 -326.043732 0.000000
-271.752045 -325.078064 0.000000
-298.791046 -275.828461 0.000000
-304.585114 -274.862793 0.000000
-310.379181 -278.725494 0.000000
-312.310547 -279.691162 0.000000
-314.241913 -280.656860 0.000000
-316.173248 -281.622528 0.000000
-317.138947 -281.622528 0.000000
-319.070282 -277.759827 0.000000
-320.035980 -276.794128 0.000000
-428.191956 -81.727097 0.000000
-428.191956 -79.795738 0.000000
-424.329254 -77.864380 0.000000
-419.500854 -74.967346 0.000000
-415.638153 -73.035988 0.000000
-414.672455 -67.241920 0.000000
-443.642822 -15.095286 0.000000
-444.608490 -14.129608 0.000000
-446.539856 -10.266894 0.000000
-446.539856 -6.404181 0.000000
-447.505524 -8.335537 0.000000
EXTRUSION
END POLYGON
BEGIN POLYGON
HEIGHT
167.839020 267.299194
TYPE
0
POINTS
-240.850342 -0.610110 167.839020
-240.850342 1.321247 167.839020
-240.850342 3.252604 167.839020
-239.884659 7.115317 167.839020
-208.017273 118.168335 167.839020
-207.051590 122.031052 167.839020
-206.085907 124.928085 167.839020
-204.154556 126.859444 167.839020
-203.188873 127.825119 167.839020
-44.817612 215.701859 167.839020
-43.851933 215.701859 167.839020
-42.886253 215.701859 167.839020
-40.954899 214.736176 167.839020
-39.989220 214.736176 167.839020
-38.057861 213.770493 167.839020
-37.092186 213.770493 167.839020
-36.126507 213.770493 167.839020
73.960838 181.903107 167.839020
74.926514 181.903107 167.839020
75.892197 181.903107 167.839020
77.823555 180.937439 167.839020
78.789230 180.937439 167.839020
80.720589 179.971756 167.839020
81.686264 179.971756 167.839020
84.583298 174.177689 167.839020
85.548981 173.212006 167.839020
170.528687 19.669136 167.839020
170.528687 18.703459 167.839020
170.528687 15.806423 167.839020
169.563004 12.909388 167.839020
169.563004 11.943709 167.839020
137.695618 -99.109306 167.839020
136.729935 -102.006348 167.839020
136.729935 -102.972023 167.839020
135.764252 -105.869057 167.839020
134.798584 -106.834740 167.839020
133.832901 -107.800415 167.839020
131.901550 -108.766090 167.839020
130.935867 -109.731773 167.839020
-24.538364 -195.677155 167.839020
-25.504044 -196.642822 167.839020
-26.469721 -196.642822 167.839020
-27.435400 -196.642822 167.839020
-30.332436 -195.677155 167.839020
-142.351135 -163.809769 167.839020
-145.248169 -162.844086 167.839020
-148.145203 -161.878403 167.839020
-149.110886 -161.878403 167.839020
-152.007919 -160.912735 167.839020
-239.884659 -2.541467 167.839020
-240.850342 0.355569 167.839020
-240.850342 -0.610110 167.839020
EXTRUSION
END POLYGON
BEGIN POLYGON
HEIGHT
267.299194 329.461792
TYPE
1
POINTS
-240.850342 -0.610110 267.299194
-240.850342 1.321247 267.299194
-240.850342 3.252604 267.299194
-239.884659 7.115317 267.299194
-208.017273 118.168335 267.299194
-207.051590 122.031052 267.299194
-206.085907 124.928085 267.299194
-204.154556 126.859444 267.299194
-203.188873 127.825119 267.299194
-44.817612 215.701859 267.299194
-43.851933 215.701859 267.299194
-42.886253 215.701859 267.299194
-40.954899 214.736176 267.299194
-39.989220 214.736176 267.299194
-38.057861 213.770493 267.299194
-37.092186 213.770493 267.299194
-36.126507 213.770493 267.299194
73.960838 181.903107 267.299194
74.926514 181.903107 267.299194
75.892197 181.903107 267.299194
77.823555 180.937439 267.299194
78.789230 180.937439 267.299194
80.720589 179.971756 267.299194
81.686264 179.971756 267.299194
84.583298 174.177689 267.299194
85.548981 173.212006 267.299194
170.528687 19.669136 267.299194
170.528687 18.703459 267.299194
170.528687 15.806423 267.299194
169.563004 12.909388 267.299194
169.563004 11.943709 267.299194
137.695618 -99.109306 267.299194
136.729935 -102.006348 267.299194
136.729935 -102.972023 267.299194
135.764252 -105.869057 267.299194
134.798584 -106.834740 267.299194
133.832901 -107.800415 267.299194
131.901550 -108.766090 267.299194
130.935867 -109.731773 267.299194
-24.538364 -195.677155 267.299194
-25.504044 -196.642822 267.299194
-26.469721 -196.642822 267.299194
-27.435400 -196.642822 267.299194
-30.332436 -195.677155 267.299194
-142.351135 -163.809769 267.299194
-145.248169 -162.844086 267.299194
-148.145203 -161.878403 267.299194
-149.110886 -161.878403 267.299194
-152.007919 -160.912735 267.299194
-239.884659 -2.541467 267.299194
-240.850342 0.355569 267.299194
-240.850342 -0.610110 267.299194
TAPER
-134.752777 4.869107 329.461792
-134.752777 5.804243 329.461792
-134.752777 6.739378 329.461792
-134.285202 8.609650 329.461792
-118.855469 62.379948 329.461792
-118.387901 64.250221 329.461792
-117.920326 65.652924 329.461792
-116.985191 66.588058 329.461792
-116.517624 67.055626 329.461792
-39.836506 109.604294 329.461792
-39.368938 109.604294 329.461792
-38.901371 109.604294 329.461792
-37.966236 109.136726 329.461792
-37.498665 109.136726 329.461792
-36.563530 108.669159 329.461792
-36.095963 108.669159 329.461792
-35.628395 108.669159 329.461792
17.674335 93.239418 329.461792
18.141903 93.239418 329.461792
18.609472 93.239418 329.461792
19.544609 92.771858 329.461792
20.012175 92.771858 329.461792
20.947311 92.304283 329.461792
21.414877 92.304283 329.461792
22.817579 89.498878 329.461792
23.285151 89.031311 329.461792
64.431122 14.688030 329.461792
64.431122 14.220463 329.461792
64.431122 12.817760 329.461792
63.963551 11.415056 329.461792
63.963551 10.947489 329.461792
48.533813 -42.822807 329.461792
48.066242 -44.225513 329.461792
48.066242 -44.693081 329.461792
47.598671 -46.095783 329.461792
47.131111 -46.563354 329.461792
46.663540 -47.030918 329.461792
45.728409 -47.498486 329.461792
45.260838 -47.966057 329.461792
-30.017582 -89.579590 329.461792
-30.485149 -90.047150 329.461792
-30.952717 -90.047150 329.461792
-31.420284 -90.047150 329.461792
-32.822990 -89.579590 329.461792
-87.060852 -74.149857 329.461792
-88.463554 -73.682281 329.461792
-89.866257 -73.214714 329.461792
-90.333832 -73.214714 329.461792
-91.736534 -72.747154 329.461792
-134.285202 3.933971 329.461792
-134.752777 5.336675 329.461792
-134.752777 4.869107 329.461792
END POLYGON
BEGIN POLYGON
HEIGHT
329.461792 360.543091
TYPE
0
POINTS
-138.488419 5.183960 329.461792
-137.522751 9.046675 329.461792
-136.557068 11.943709 329.461792
-121.106209 66.021698 329.461792
-120.140533 67.953056 329.461792
-119.174850 68.918739 329.461792
-115.312141 70.850090 329.461792
-47.714649 108.511551 329.461792
-43.851933 110.442909 329.461792
-42.886253 111.408585 329.461792
-40.954899 112.374268 329.461792
-39.989220 112.374268 329.461792
-39.023540 112.374268 329.461792
-38.057861 112.374268 329.461792
-37.092186 112.374268 329.461792
-35.160828 111.408585 329.461792
-34.195148 111.408585 329.461792
15.054452 96.923409 329.461792
16.020130 96.923409 329.461792
16.985809 96.923409 329.461792
18.917166 95.957733 329.461792
19.882845 95.957733 329.461792
21.814201 94.992050 329.461792
22.779881 94.992050 329.461792
23.745558 94.026375 329.461792
25.676914 90.163658 329.461792
26.642593 89.197983 329.461792
63.338375 22.566172 329.461792
64.304054 21.600494 329.461792
68.166763 13.875067 329.461792
67.201088 10.978031 329.461792
67.201088 10.012353 329.461792
66.235413 7.115317 329.461792
52.715912 -40.202927 329.461792
51.750233 -43.099960 329.461792
51.750233 -44.065639 329.461792
50.784554 -46.962673 329.461792
-26.469721 -91.383881 329.461792
-27.435400 -92.349564 329.461792
-29.366756 -93.315239 329.461792
-30.332436 -93.315239 329.461792
-31.298115 -93.315239 329.461792
-32.263794 -93.315239 329.461792
-35.160828 -92.349564 329.461792
-36.126507 -92.349564 329.461792
-83.444748 -78.830063 329.461792
-86.341789 -77.864380 329.461792
-87.307465 -77.864380 329.461792
-90.204498 -76.898705 329.461792
-93.101532 -75.933029 329.461792
-134.625702 -1.575788 329.461792
-135.591385 -0.610110 329.461792
-137.522751 3.252604 329.461792
-137.522751 5.183960 329.461792
-138.488419 5.183960 329.461792
EXTRUSION
END POLYGON
BEGIN POLYGON
HEIGHT
360.543091 415.232788
TYPE
1
POINTS
-138.488419 5.183960 360.543091
-137.522751 9.046675 360.543091
-136.557068 11.943709 360.543091
-121.106209 66.021698 360.543091
-120.140533 67.953056 360.543091
-119.174850 68.918739 360.543091
-115.312141 70.850090 360.543091
-47.714649 108.511551 360.543091
-43.851933 110.442909 360.543091
-42.886253 111.408585 360.543091
-40.954899 112.374268 360.543091
-39.989220 112.374268 360.543091
-39.023540 112.374268 360.543091
-38.057861 112.374268 360.543091
-37.092186 112.374268 360.543091
-35.160828 111.408585 360.543091
-34.195148 111.408585 360.543091
15.054452 96.923409 360.543091
16.020130 96.923409 360.543091
16.985809 96.923409 360.543091
18.917166 95.957733 360.543091
19.882845 95.957733 360.543091
21.814201 94.992050 360.543091
22.779881 94.992050 360.543091
23.745558 94.026375 360.543091
25.676914 90.163658 360.543091
26.642593 89.197983 360.543091
63.338375 22.566172 360.543091
64.304054 21.600494 360.543091
68.166763 13.875067 360.543091
67.201088 10.978031 360.543091
67.201088 10.012353 360.543091
66.235413 7.115317 360.543091
52.715912 -40.202927 360.543091
51.750233 -43.099960 360.543091
51.750233 -44.065639 360.543091
50.784554 -46.962673 360.543091
-26.469721 -91.383881 360.543091
-27.435400 -92.349564 360.543091
-29.366756 -93.315239 360.543091
-30.332436 -93.315239 360.543091
-31.298115 -93.315239 360.543091
-32.263794 -93.315239 360.543091
-35.160828 -92.349564 360.543091
-36.126507 -92.349564 360.543091
-83.444748 -78.830063 360.543091
-86.341789 -77.864380 360.543091
-87.307465 -77.864380 360.543091
-90.204498 -76.898705 360.543091
-93.101532 -75.933029 360.543091
-134.625702 -1.575788 360.543091
-135.591385 -0.610110 360.543091
-137.522751 3.252604 360.543091
-137.522751 5.183960 360.543091
-138.488419 5.183960 360.543091
TAPER
-36.126507 10.012353 415.232788
-36.126507 10.012353 415.232788
-36.126507 10.012353 415.232788
-36.126507 10.012353 415.232788
-36.126507 10.012353 415.232788
-36.126507 10.012353 415.232788
-36.126507 10.012353 415.232788
-36.126507 10.012353 415.232788
-36.126507 10.012353 415.232788
-36.126507 10.012353 415.232788
-36.126507 10.012353 415.232788
-36.126507 10.012353 415.232788
-36.126507 10.012353 415.232788
-36.126507 10.012353 415.232788
-36.126507 10.012353 415.232788
-36.126507 10.012353 415.232788
-36.126507 10.012353 415.232788
-36.126507 10.012353 415.232788
-36.126507 10.012353 415.232788
-36.126507 10.012353 415.232788
-36.126507 10.012353 415.232788
-36.126507 10.012353 415.232788
-36.126507 10.012353 415.232788
-36.126507 10.012353 415.232788
-36.126507 10.012353 415.232788
-36.126507 10.012353 415.232788
-36.126507 10.012353 415.232788
-36.126507 10.012353 415.232788
-36.126507 10.012353 415.232788
-36.126507 10.012353 415.232788
-36.126507 10.012353 415.232788
-36.126507 10.012353 415.232788
-36.126507 10.012353 415.232788
-36.126507 10.012353 415.232788
-36.126507 10.012353 415.232788
-36.126507 10.012353 415.232788
-36.126507 10.012353 415.232788
-36.126507 10.012353 415.232788
-36.126507 10.012353 415.232788
-36.126507 10.012353 415.232788
-36.126507 10.012353 415.232788
-36.126507 10.012353 415.232788
-36.126507 10.012353 415.232788
-36.126507 10.012353 415.232788
-36.126507 10.012353 415.232788
-36.126507 10.012353 415.232788
-36.126507 10.012353 415.232788
-36.126507 10.012353 415.232788
-36.126507 10.012353 415.232788
-36.126507 10.012353 415.232788
-36.126507 10.012353 415.232788
-36.126507 10.012353 415.232788
-36.126507 10.012353 415.232788
-36.126507 10.012353 415.232788
-36.126507 10.012353 415.232788
END POLYGON
BEGIN POLYGON
HEIGHT
0.000000 169.098068
TYPE
0
POINTS
-23.847281 -400.483643 0.000000
-21.133354 -401.259064 0.000000
-20.357946 -401.646759 0.000000
-19.970242 -401.646759 0.000000
-19.582539 -401.646759 0.000000
-18.807131 -402.034454 0.000000
-18.419428 -402.034454 0.000000
-16.480907 -402.034454 0.000000
41.286953 -369.855042 0.000000
44.388584 -368.304230 0.000000
44.776287 -369.079651 0.000000
45.163994 -369.855042 0.000000
50.591846 -379.547638 0.000000
50.979549 -380.323059 0.000000
51.367252 -380.710754 0.000000
53.305771 -381.486176 0.000000
255.687149 -269.052063 0.000000
256.074860 -266.725861 0.000000
252.973221 -261.298004 0.000000
252.585510 -260.910278 0.000000
250.646988 -257.420959 0.000000
249.871582 -255.870132 0.000000
249.096176 -254.319321 0.000000
250.646988 -253.543915 0.000000
251.034698 -253.156219 0.000000
301.436188 -225.241547 0.000000
305.313232 -222.527618 0.000000
305.700928 -221.364502 0.000000
306.476349 -219.425980 0.000000
306.088623 -220.589096 0.000000
306.088623 -220.976791 0.000000
305.700928 -222.139908 0.000000
305.313232 -223.303024 0.000000
254.524033 -251.605392 0.000000
251.422394 -253.156219 0.000000
251.034698 -253.543915 0.000000
250.259293 -253.931625 0.000000
249.871582 -255.482437 0.000000
250.259293 -256.257843 0.000000
251.034698 -257.420959 0.000000
254.524033 -251.605392 0.000000
254.136322 -251.605392 0.000000
253.748627 -251.993103 0.000000
251.422394 -253.156219 0.000000
251.034698 -253.543915 0.000000
250.259293 -253.931625 0.000000
249.871582 -255.482437 0.000000
250.259293 -256.257843 0.000000
251.034698 -257.420959 0.000000
252.585510 -260.522583 0.000000
252.973221 -260.910278 0.000000
254.524033 -264.011932 0.000000
255.687149 -265.950439 0.000000
256.074860 -266.725861 0.000000
256.462555 -267.501251 0.000000
256.850250 -268.276672 0.000000
256.462555 -268.664368 0.000000
255.687149 -269.052063 0.000000
255.299438 -269.439758 0.000000
252.197815 -270.990601 0.000000
251.810104 -271.378296 0.000000
52.918068 -381.873871 0.000000
52.530365 -382.261566 0.000000
52.142658 -382.261566 0.000000
51.367252 -381.098450 0.000000
50.979549 -380.710754 0.000000
45.551697 -370.630463 0.000000
44.776287 -369.467346 0.000000
43.225471 -369.079651 0.000000
-15.705501 -401.646759 0.000000
-16.093204 -402.034454 0.000000
-16.868612 -402.422180 0.000000
-17.256315 -402.422180 0.000000
-18.031723 -402.422180 0.000000
-19.194836 -402.034454 0.000000
-20.357946 -401.646759 0.000000
-20.745649 -401.646759 0.000000
-23.847281 -400.483643 0.000000
EXTRUSION
END POLYGON
BEGIN POLYGON
HEIGHT
169.098068 201.500092
TYPE
0
POINTS
83.934372 -341.552673 169.098068
202.184021 -276.030731 169.098068
202.571732 -275.643036 169.098068
202.959427 -275.255341 169.098068
203.734833 -274.867615 169.098068
204.122543 -274.867615 169.098068
204.510239 -275.255341 169.098068
204.897949 -276.030731 169.098068
205.285645 -276.806152 169.098068
212.652023 -289.988068 169.098068
213.039734 -290.763489 169.098068
213.427429 -291.151184 169.098068
213.815140 -291.926605 169.098068
95.953186 -357.836243 169.098068
95.565483 -358.223938 169.098068
94.014671 -358.999359 169.098068
93.626961 -358.999359 169.098068
93.239258 -358.611633 169.098068
85.097481 -343.878906 169.098068
84.322075 -342.328094 169.098068
84.322075 -341.552673 169.098068
83.934372 -341.552673 169.098068
EXTRUSION
END POLYGON
