BEGIN POLYGON
HEIGHT
12.378744 9.630638
TYPE
0
POINTS
12.378744 54.568317 -30.960821
12.378744 54.568317 -30.774544
12.378744 54.568317 -19.039063
12.378744 54.568317 -18.666508
12.378744 54.475178 -18.573370
12.378744 54.382038 -18.573370
12.378744 -2.618866 -18.573370
12.378744 -2.712005 -18.666508
12.378744 -2.712005 -18.573370
12.378744 -2.712005 -18.945925
12.378744 -2.712005 -31.053961
12.378744 -1.780617 -33.848122
12.378744 -1.966895 -33.848122
12.378744 -2.153172 -33.941261
12.378744 -2.246311 -33.941261
12.378744 -2.339450 -34.034401
12.378744 -2.339450 -34.127537
12.378744 -2.339450 -34.686371
12.378744 -2.153172 -34.872646
12.378744 -2.339450 -35.617760
12.378744 -2.339450 -35.710896
12.378744 -1.314924 -35.245201
12.378744 -1.128646 -35.338341
12.378744 -1.035507 -35.338341
12.378744 -0.104120 -35.338341
12.378744 0.268435 -35.617760
12.378744 0.268435 -35.710896
12.378744 0.268435 -36.083450
12.378744 0.361574 -36.362869
12.378744 0.734129 -36.362869
12.378744 1.665516 -36.362869
12.378744 1.944932 -36.269730
12.378744 3.528291 -36.269730
12.378744 3.807707 -36.176590
12.378744 5.391065 -36.176590
12.378744 9.861724 -37.480534
12.378744 17.592239 -37.480534
12.378744 22.342314 -36.921700
12.378744 23.180563 -37.480534
12.378744 24.670782 -37.480534
12.378744 25.136477 -37.573673
12.378744 26.440418 -37.014839
12.378744 27.464945 -37.573673
12.378744 27.651222 -37.573673
12.378744 28.210054 -37.014839
12.378744 29.327719 -37.573673
12.378744 29.420858 -37.573673
12.378744 29.700274 -37.480534
12.378744 29.793413 -37.294254
12.378744 29.793413 -37.107979
12.378744 29.793413 -36.362869
12.378744 29.886551 -35.804035
12.378744 29.886551 -35.431480
12.378744 29.886551 -34.779510
12.378744 29.793413 -34.406956
12.378744 29.793413 -31.426516
12.378744 29.979691 -30.960821
12.378744 32.680714 -31.333376
12.378744 33.798378 -31.147099
12.378744 34.729767 -33.848122
12.378744 34.636627 -33.941261
12.378744 34.450348 -33.941261
12.378744 34.636627 -35.245201
12.378744 35.661152 -36.176590
12.378744 36.871956 -36.549145
12.378744 36.965096 -36.828560
12.378744 36.965096 -36.921700
12.378744 36.965096 -37.480534
12.378744 37.244511 -37.387394
12.378744 37.337650 -37.387394
12.378744 39.107285 -37.387394
12.378744 39.200424 -37.201115
12.378744 39.200424 -36.642284
12.378744 39.107285 -36.362869
12.378744 39.107285 -36.176590
12.378744 39.107285 -35.990314
12.378744 40.597507 -35.338341
12.378744 40.876923 -35.804035
12.378744 40.876923 -35.990314
12.378744 40.876923 -36.083450
12.378744 40.783783 -36.362869
12.378744 40.783783 -36.456005
12.378744 40.783783 -36.549145
12.378744 40.876923 -36.735424
12.378744 40.876923 -36.828560
12.378744 40.783783 -37.107979
12.378744 40.876923 -37.480534
12.378744 41.435753 -37.480534
12.378744 41.994587 -37.573673
12.378744 47.117218 -35.338341
12.378744 48.607437 -35.338341
12.378744 48.979992 -35.710896
12.378744 48.886852 -36.083450
12.378744 48.886852 -36.362869
12.378744 48.886852 -36.828560
12.378744 49.073132 -37.014839
12.378744 49.445686 -37.294254
12.378744 49.538826 -37.387394
12.378744 49.911381 -37.387394
12.378744 50.190796 -37.480534
12.378744 50.842766 -37.480534
12.378744 51.401600 -37.201115
12.378744 51.494736 -37.014839
12.378744 51.494736 -36.828560
12.378744 51.494736 -36.642284
12.378744 51.494736 -35.897175
12.378744 52.146709 -35.804035
12.378744 52.239849 -35.990314
12.378744 52.239849 -35.617760
12.378744 53.171234 -34.500092
12.378744 53.264374 -34.500092
12.378744 53.357513 -34.500092
12.378744 53.636929 -34.593231
12.378744 53.823204 -34.965786
12.378744 53.823204 -35.058926
12.378744 53.730068 -35.338341
12.378744 53.823204 -35.617760
12.378744 53.823204 -35.710896
12.378744 53.823204 -35.804035
12.378744 53.823204 -36.549145
12.378744 53.823204 -37.014839
12.378744 53.823204 -37.480534
12.378744 53.916344 -37.573673
12.378744 54.195759 -37.480534
12.378744 54.102623 -37.107979
12.378744 54.195759 -36.549145
12.378744 54.195759 -34.127537
12.378744 54.568317 -30.960821
EXTRUSION
END POLYGON
BEGIN POLYGON
HEIGHT
0.226007 9.630638 
TYPE
0
POINTS
9.630638 54.754593 -29.843157
9.630638 54.754593 -29.656879
9.630638 54.754593 -16.710594
9.630638 54.754593 -16.244902
9.630638 54.661453 -16.058624
9.630638 54.288898 -16.058624
9.630638 53.823204 -15.965485
9.630638 46.744663 -15.965485
9.630638 46.558384 -16.151762
9.630638 45.999554 -16.151762
9.630638 45.906414 -16.244902
9.630638 45.813274 -16.338039
9.630638 45.813274 -16.524317
9.630638 45.906414 -16.710594
9.630638 45.906414 -16.803734
9.630638 45.813274 -16.990011
9.630638 44.602470 -17.269426
9.630638 44.043640 -17.269426
9.630638 43.857361 -17.362566
9.630638 43.391666 -17.362566
9.630638 42.646557 -17.176289
9.630638 42.553421 -16.803734
9.630638 42.553421 -16.617456
9.630638 42.553421 -16.151762
9.630638 42.460281 -16.058624
9.630638 42.180862 -16.058624
9.630638 41.715172 -15.965485
9.630638 33.891518 -15.965485
9.630638 33.798378 -16.058624
9.630638 33.705238 -16.151762
9.630638 33.612103 -16.244902
9.630638 33.612103 -16.338039
9.630638 33.612103 -16.431179
9.630638 33.612103 -16.990011
9.630638 33.518963 -17.176289
9.630638 33.053268 -17.269426
9.630638 32.680714 -17.176289
9.630638 31.283632 -17.176289
9.630638 30.445385 -17.176289
9.630638 30.352245 -16.803734
9.630638 30.445385 -16.338039
9.630638 30.445385 -16.244902
9.630638 30.352245 -16.151762
9.630638 30.259106 -16.058624
9.630638 29.979691 -16.058624
9.630638 29.513996 -15.965485
9.630638 21.597204 -15.965485
9.630638 21.410927 -16.058624
9.630638 21.317789 -16.151762
9.630638 21.317789 -16.244902
9.630638 21.317789 -16.338039
9.630638 21.317789 -16.990011
9.630638 21.131512 -17.176289
9.630638 20.758955 -17.176289
9.630638 20.572678 -17.083149
9.630638 20.200123 -16.990011
9.630638 19.641291 -16.990011
9.630638 19.455013 -17.083149
9.630638 18.989321 -17.083149
9.630638 18.803043 -17.176289
9.630638 18.616766 -17.176289
9.630638 18.244209 -16.803734
9.630638 18.244209 -16.431179
9.630638 18.244209 -16.244902
9.630638 18.057932 -16.058624
9.630638 17.778517 -16.058624
9.630638 17.312822 -15.965485
9.630638 10.048001 -15.965485
9.630638 9.861724 -16.058624
9.630638 9.675447 -16.058624
9.630638 9.302892 -15.965485
9.630638 9.209753 -16.058624
9.630638 9.116614 -16.244902
9.630638 9.116614 -16.338039
9.630638 9.209753 -16.524317
9.630638 9.116614 -16.803734
9.630638 9.116614 -17.176289
9.630638 8.930337 -17.362566
9.630638 8.464643 -17.269426
9.630638 8.371505 -17.269426
9.630638 7.067562 -17.269426
9.630638 6.322453 -17.362566
9.630638 6.043036 -16.803734
9.630638 5.949897 -16.524317
9.630638 5.949897 -16.151762
9.630638 5.856759 -16.058624
9.630638 5.577343 -16.058624
9.630638 5.111649 -15.965485
9.630638 -2.153172 -15.965485
9.630638 -2.339450 -16.058624
9.630638 -2.898282 -16.058624
9.630638 -3.084559 -16.244902
9.630638 -3.084559 -16.338039
9.630638 -3.084559 -17.083149
9.630638 -3.177698 -17.362566
9.630638 -3.177698 -18.387093
9.630638 -3.270837 -18.666508
9.630638 -3.270837 -30.308849
9.630638 -3.084559 -30.495127
9.630638 -3.177698 -30.308849
9.630638 -3.084559 -29.843157
9.630638 -2.805143 -29.750017
9.630638 -2.432588 -29.750017
9.630638 -1.687479 -30.401989
9.630638 -1.408062 -29.750017
9.630638 -0.197259 -29.656879
9.630638 1.013545 -29.656879
9.630638 1.292961 -30.029434
9.630638 1.292961 -30.401989
9.630638 1.572377 -29.750017
9.630638 2.038071 -29.936295
9.630638 2.131210 -29.936295
9.630638 3.342013 -30.401989
9.630638 3.900846 -30.029434
9.630638 3.993984 -30.029434
9.630638 4.552816 -29.470602
9.630638 4.739094 -30.029434
9.630638 5.297926 -29.563740
9.630638 6.136175 -29.563740
9.630638 6.136175 -29.377462
9.630638 6.322453 -27.794104
9.630638 6.788146 -27.235271
9.630638 6.974423 -27.235271
9.630638 8.092089 -27.235271
9.630638 8.371505 -27.607826
9.630638 8.278366 -27.794104
9.630638 8.092089 -27.980381
9.630638 7.719533 -28.539213
9.630638 7.719533 -29.191185
9.630638 7.812672 -29.284325
9.630638 7.905811 -29.470602
9.630638 7.905811 -29.656879
9.630638 8.185227 -29.750017
9.630638 8.464643 -29.843157
9.630638 8.744060 -29.843157
9.630638 9.396030 -30.308849
9.630638 9.768585 -29.750017
9.630638 11.072528 -29.750017
9.630638 11.351944 -29.656879
9.630638 11.631360 -29.750017
9.630638 11.817637 -29.843157
9.630638 12.562748 -29.750017
9.630638 13.028441 -29.656879
9.630638 13.494135 -29.936295
9.630638 13.494135 -30.029434
9.630638 13.494135 -30.401989
9.630638 13.494135 -30.774544
9.630638 13.773551 -30.867682
9.630638 15.077494 -30.867682
9.630638 15.170632 -30.588266
9.630638 15.170632 -30.215712
9.630638 15.729465 -29.563740
9.630638 16.008881 -29.750017
9.630638 16.474575 -30.029434
9.630638 16.474575 -30.401989
9.630638 16.567713 -30.867682
9.630638 21.410927 -30.867682
9.630638 21.504066 -30.681404
9.630638 21.876621 -30.122572
9.630638 23.273703 -30.122572
9.630638 23.646257 -30.495127
9.630638 23.739395 -30.588266
9.630638 24.111950 -30.029434
9.630638 24.763922 -30.122572
9.630638 25.043337 -30.029434
9.630638 25.509031 -30.122572
9.630638 25.881586 -30.495127
9.630638 26.347281 -30.588266
9.630638 27.092390 -30.122572
9.630638 27.278667 -30.029434
9.630638 27.651222 -29.843157
9.630638 27.837500 -29.843157
9.630638 28.768887 -29.284325
9.630638 29.979691 -29.284325
9.630638 30.724800 -29.656879
9.630638 30.724800 -29.843157
9.630638 30.817940 -30.401989
9.630638 31.004217 -30.867682
9.630638 36.871956 -30.867682
9.630638 36.871956 -30.495127
9.630638 36.778816 -30.122572
9.630638 37.337650 -29.470602
9.630638 37.617065 -29.936295
9.630638 37.710205 -30.401989
9.630638 38.269039 -30.495127
9.630638 38.362175 -29.750017
9.630638 39.293564 -29.656879
9.630638 39.945534 -30.122572
9.630638 40.411228 -29.563740
9.630638 40.597507 -29.843157
9.630638 40.876923 -30.215712
9.630638 41.808308 -29.563740
9.630638 42.087727 -29.843157
9.630638 42.646557 -29.843157
9.630638 42.925976 -30.215712
9.630638 44.136776 -30.215712
9.630638 44.136776 -29.843157
9.630638 44.323055 -29.284325
9.630638 44.695610 -28.725491
9.630638 47.210358 -29.191185
9.630638 47.210358 -29.284325
9.630638 47.210358 -29.656879
9.630638 47.210358 -30.122572
9.630638 47.303493 -30.401989
9.630638 47.396633 -30.867682
9.630638 52.984959 -30.867682
9.630638 53.171234 -30.588266
9.630638 53.730068 -30.215712
9.630638 54.288898 -29.936295
9.630638 54.661453 -29.843157
9.630638 54.754593 -29.843157
EXTRUSION
END POLYGON
BEGIN POLYGON
HEIGHT
68.452652 -17.057947 
TYPE
0
POINTS
49.916679 -17.057947 -37.166840
49.916679 -17.057947 -36.990948
49.916679 -17.057947 -16.235889
49.916679 -17.057947 -15.972054
49.872707 -17.057947 -15.972054
12.364093 -17.057947 -15.972054
12.320120 -17.057947 -16.016026
12.320120 -17.057947 -15.972054
12.320120 -17.057947 -16.147943
12.320120 -17.057947 -36.419304
12.408065 -17.057947 -37.166840
12.364093 -17.057947 -37.298756
12.408065 -17.057947 -37.430676
12.452038 -17.057947 -37.474648
12.496011 -17.057947 -37.474648
29.821209 -17.057947 -37.474648
30.260935 -17.057947 -37.430676
31.887920 -17.057947 -37.430676
32.239700 -17.057947 -37.430676
32.767372 -17.057947 -37.430676
32.899288 -17.057947 -37.474648
34.350384 -17.057947 -37.474648
34.482304 -17.057947 -37.430676
38.615726 -17.057947 -37.430676
38.747643 -17.057947 -37.474648
38.923534 -17.057947 -37.474648
39.055450 -17.057947 -37.430676
42.397369 -17.057947 -37.430676
42.529285 -17.057947 -37.386703
47.014488 -17.057947 -37.386703
47.146408 -17.057947 -37.342731
47.718052 -17.057947 -37.342731
47.849968 -17.057947 -37.386703
47.937916 -17.057947 -37.386703
48.025860 -17.057947 -37.430676
48.245724 -17.057947 -37.430676
48.333668 -17.057947 -37.342731
48.509560 -17.057947 -37.254784
48.905312 -17.057947 -37.254784
49.037228 -17.057947 -37.210812
49.520927 -17.057947 -37.210812
49.696819 -17.057947 -37.166840
49.916679 -17.057947 -37.166840
EXTRUSION
END POLYGON
BEGIN POLYGON
HEIGHT
52.471733 62.374481 
TYPE
0
POINTS
62.374481 56.059620 -37.440510
62.374481 55.959412 -37.240097
62.374481 56.059620 -36.438438
62.374481 56.059620 -16.597460
62.374481 56.059620 -15.996217
62.374481 55.959412 -15.996217
62.374481 46.038921 -15.996217
62.374481 46.038921 -16.096424
62.374481 46.038921 -16.397045
62.374481 46.038921 -16.697666
62.374481 46.038921 -16.998287
62.374481 45.537888 -17.198700
62.374481 42.832298 -17.198700
62.374481 42.331264 -16.497252
62.374481 41.830231 -15.996217
62.374481 33.813671 -15.996217
62.374481 33.813671 -16.196630
62.374481 33.913879 -16.397045
62.374481 33.813671 -16.697666
62.374481 33.813671 -16.998287
62.374481 33.412846 -17.198700
62.374481 30.607048 -17.198700
62.374481 30.106014 -16.497252
62.374481 30.005806 -15.996217
62.374481 21.688629 -15.996217
62.374481 21.588421 -16.196630
62.374481 21.688629 -16.697666
62.374481 21.688629 -16.797873
62.374481 21.588421 -16.998287
62.374481 21.187593 -17.198700
62.374481 18.482006 -17.198700
62.374481 17.980970 -16.497252
62.374481 17.880764 -15.996217
62.374481 9.363171 -15.996217
62.374481 9.363171 -16.096424
62.374481 9.363171 -16.296839
62.374481 9.363171 -16.697666
62.374481 9.363171 -16.998287
62.374481 8.862136 -17.198700
62.374481 6.256755 -17.198700
62.374481 5.755720 -16.497252
62.374481 5.655513 -15.996217
62.374481 -3.363115 -15.996217
62.374481 -3.563529 -16.096424
62.374481 -3.563529 -15.996217
62.374481 -3.563529 -16.397045
62.374481 -3.563529 -37.139889
62.374481 -3.463322 -37.440510
62.374481 -3.563529 -37.440510
62.374481 -3.162701 -37.440510
62.374481 -2.761873 -37.440510
62.374481 -2.461252 -37.340302
62.374481 -1.559389 -37.340302
62.374481 -1.258768 -37.240097
62.374481 -0.557319 -37.240097
62.374481 -0.056285 -37.440510
62.374481 0.344543 -37.139889
62.374481 0.645164 -37.139889
62.374481 0.945785 -37.039680
62.374481 1.547027 -37.039680
62.374481 1.847648 -37.240097
62.374481 2.148269 -37.240097
62.374481 2.549097 -36.939476
62.374481 2.849718 -36.839268
62.374481 3.651373 -36.839268
62.374481 3.951994 -37.039680
62.374481 4.052201 -37.039680
62.374481 4.453029 -36.739059
62.374481 4.753650 -36.739059
62.374481 5.054271 -36.839268
62.374481 5.154478 -36.939476
62.374481 5.555306 -36.638855
62.374481 5.755720 -36.638855
62.374481 6.056341 -36.538647
62.374481 6.156548 -36.538647
62.374481 6.557375 -36.839268
62.374481 6.757790 -36.839268
62.374481 7.659652 -36.438438
62.374481 8.060480 -36.739059
62.374481 8.160687 -36.739059
62.374481 8.561515 -36.338234
62.374481 8.862136 -36.338234
62.374481 9.262964 -36.638855
62.374481 9.463378 -36.638855
62.374481 10.365240 -36.438438
62.374481 10.565655 -36.438438
62.374481 10.766068 -36.238026
62.374481 11.367311 -36.338234
62.374481 11.467517 -36.438438
62.374481 11.667931 -36.338234
62.374481 13.070828 -36.438438
62.374481 13.171036 -36.538647
62.374481 14.373519 -36.438438
62.374481 14.774347 -35.837196
62.374481 15.175175 -35.736992
62.374481 15.475796 -36.238026
62.374481 16.277452 -36.238026
62.374481 16.978901 -36.137817
62.374481 17.379728 -36.037613
62.374481 18.381798 -35.436371
62.374481 18.482006 -35.736992
62.374481 18.482006 -35.937405
62.374481 18.582212 -36.137817
62.374481 18.582212 -36.338234
62.374481 18.682419 -36.638855
62.374481 19.083246 -36.338234
62.374481 20.385937 -36.338234
62.374481 20.786766 -36.638855
62.374481 20.886972 -36.839268
62.374481 21.688629 -36.939476
62.374481 24.995459 -36.939476
62.374481 25.296080 -37.039680
62.374481 25.596701 -36.939476
62.374481 30.005806 -36.939476
62.374481 30.005806 -36.338234
62.374481 30.106014 -36.137817
62.374481 30.506842 -35.636784
62.374481 30.807463 -35.636784
62.374481 31.508911 -35.536575
62.374481 31.609118 -35.636784
62.374481 32.310566 -35.636784
62.374481 32.611187 -36.037613
62.374481 32.611187 -36.137817
62.374481 32.811604 -36.338234
62.374481 33.012016 -36.538647
62.374481 33.112225 -36.638855
62.374481 33.212429 -36.739059
62.374481 33.813671 -36.238026
62.374481 34.014084 -36.238026
62.374481 34.414913 -35.636784
62.374481 34.815742 -35.436371
62.374481 35.116364 -35.536575
62.374481 36.218639 -35.536575
62.374481 36.519260 -35.636784
62.374481 37.020294 -35.636784
62.374481 37.320915 -35.736992
62.374481 38.022366 -35.736992
62.374481 38.322987 -35.837196
62.374481 39.224850 -35.837196
62.374481 39.525471 -35.937405
62.374481 41.329193 -35.937405
62.374481 41.629814 -36.037613
62.374481 42.832298 -36.037613
62.374481 43.132919 -36.538647
62.374481 43.132919 -36.638855
62.374481 43.233128 -36.739059
62.374481 43.333336 -36.839268
62.374481 43.633953 -37.139889
62.374481 43.934574 -37.139889
62.374481 44.535816 -36.839268
62.374481 44.836437 -36.939476
62.374481 45.137058 -37.139889
62.374481 45.237267 -37.139889
62.374481 45.838509 -36.739059
62.374481 45.938717 -36.839268
62.374481 46.239338 -36.939476
62.374481 46.439751 -37.039680
62.374481 46.539955 -37.039680
62.374481 46.740372 -37.139889
62.374481 46.840576 -37.139889
62.374481 47.842648 -36.939476
62.374481 48.043060 -37.039680
62.374481 48.143269 -37.139889
62.374481 48.343681 -37.240097
62.374481 48.844719 -37.240097
62.374481 48.944923 -37.039680
62.374481 49.245544 -36.338234
62.374481 49.445961 -36.338234
62.374481 49.746582 -36.839268
62.374481 49.746582 -36.939476
62.374481 50.047199 -37.240097
62.374481 50.147408 -37.340302
62.374481 50.448029 -37.440510
62.374481 50.648441 -37.340302
62.374481 50.748650 -37.139889
62.374481 50.548237 -37.039680
62.374481 50.247616 -36.939476
62.374481 50.448029 -36.238026
62.374481 50.949062 -35.937405
62.374481 51.249683 -36.137817
62.374481 51.450100 -36.438438
62.374481 51.850925 -36.438438
62.374481 52.151546 -36.538647
62.374481 52.251755 -37.039680
62.374481 52.151546 -37.240097
62.374481 52.251755 -37.440510
62.374481 52.953201 -37.440510
62.374481 52.953201 -37.240097
62.374481 53.253822 -36.538647
62.374481 53.354031 -36.538647
62.374481 54.756927 -36.538647
62.374481 55.057549 -36.638855
62.374481 54.957344 -37.139889
62.374481 54.756927 -37.240097
62.374481 54.756927 -37.440510
62.374481 55.558586 -37.440510
62.374481 56.059620 -37.440510
EXTRUSION
END POLYGON
BEGIN POLYGON
HEIGHT
52.471733 49.902031
TYPE
0
POINTS
52.471733 54.556515 -36.438438
52.471733 54.556515 -36.238026
52.471733 54.556515 -19.002426
52.471733 54.556515 -18.601599
52.471733 54.456306 -18.501392
52.471733 54.356102 -18.501392
52.471733 -2.561459 -18.501392
52.471733 -2.761873 -18.601599
52.471733 -2.761873 -18.501392
52.471733 -2.761873 -18.902220
52.471733 -2.761873 -29.524158
52.471733 -2.761873 -30.225607
52.471733 -2.761873 -34.133678
52.471733 -2.561459 -35.035542
52.471733 -2.661666 -35.336163
52.471733 -2.661666 -35.937405
52.471733 -2.461252 -36.238026
52.471733 -2.461252 -36.338234
52.471733 0.745371 -36.238026
52.471733 4.853857 -36.238026
52.471733 5.254685 -35.837196
52.471733 9.262964 -35.837196
52.471733 9.563584 -36.338234
52.471733 16.177244 -36.338234
52.471733 16.578074 -36.638855
52.471733 16.978901 -36.338234
52.471733 18.381798 -36.338234
52.471733 19.183455 -35.235958
52.471733 20.586351 -35.235958
52.471733 20.987179 -35.736992
52.471733 20.987179 -36.137817
52.471733 20.987179 -36.037613
52.471733 21.488214 -36.438438
52.471733 21.588421 -36.638855
52.471733 21.889042 -37.039680
52.471733 30.005806 -37.039680
52.471733 30.306427 -36.939476
52.471733 31.007877 -36.238026
52.471733 31.508911 -35.636784
52.471733 47.441818 -35.636784
52.471733 47.742439 -35.837196
52.471733 48.744511 -35.837196
52.471733 49.245544 -36.338234
52.471733 50.347820 -36.338234
52.471733 54.055481 -36.438438
52.471733 54.556515 -36.438438
EXTRUSION
END POLYGON
BEGIN POLYGON
HEIGHT
-17.058014 68.448021
TYPE
0
POINTS
49.187092 -17.058014 -13.843457
48.729000 -17.058014 -10.957496
48.545765 -17.058014 -10.499407
48.316723 -17.058014 -10.087126
48.041866 -17.058014 -9.629037
47.858631 -17.058014 -9.354183
45.339142 -17.058014 -6.743075
44.926861 -17.058014 -6.422413
40.712440 -17.058014 -4.177776
33.932720 -17.058014 -2.528655
26.236824 -17.058014 -2.849317
19.594532 -17.058014 -5.048145
18.082838 -17.058014 -5.918515
17.624748 -17.058014 -6.239177
14.601359 -17.058014 -9.216757
14.280697 -17.058014 -9.674846
14.097462 -17.058014 -9.949699
13.822608 -17.058014 -10.453597
13.593563 -17.058014 -10.957496
13.410328 -17.058014 -11.507202
13.043857 -17.058014 -14.209929
13.227092 -17.058014 -15.904859
13.272902 -17.058014 -15.950667
13.822608 -17.058014 -15.950667
18.769972 -17.058014 -15.950667
19.640341 -17.058014 -15.950667
47.858631 -17.058014 -15.950667
49.049664 -17.058014 -15.950667
49.141281 -17.058014 -15.904859
49.187092 -17.058014 -13.843457
EXTRUSION
END POLYGON
