BEGIN POLYGON
HEIGHT
0.000000 450.000793
TYPE
0
POINTS
-524.685730 232.471512 0.000000
-516.575317 240.581909 0.000000
-513.871887 240.581909 0.000000
-512.520142 486.597260 0.000000
590.493652 516.335388 0.000000
591.845398 514.983643 0.000000
591.845398 508.224976 0.000000
597.252319 268.968292 0.000000
599.955811 266.264832 0.000000
610.769653 267.616547 0.000000
614.824829 266.264832 0.000000
616.176575 263.561371 0.000000
616.176575 209.492050 0.000000
617.528320 205.436859 0.000000
622.935242 -332.552734 0.000000
613.473145 -332.552734 0.000000
610.769653 -332.552734 0.000000
606.714478 -333.904449 0.000000
601.307556 -333.904449 0.000000
599.955811 -333.904449 0.000000
598.604065 -333.904449 0.000000
593.197144 -337.959656 0.000000
595.900574 -443.394806 0.000000
595.900574 -448.801727 0.000000
594.548889 -450.153473 0.000000
544.534790 -450.153473 0.000000
367.457794 -454.208649 0.000000
363.402588 -455.560394 0.000000
337.719666 -450.153473 0.000000
337.719666 -439.339600 0.000000
287.705566 -427.174011 0.000000
287.705566 -421.767090 0.000000
287.705566 -413.656677 0.000000
294.464233 -412.304962 0.000000
301.222900 -412.304962 0.000000
307.981567 -405.546295 0.000000
307.981567 -385.270294 0.000000
335.016205 -363.642578 0.000000
336.367950 -360.939117 0.000000
337.719666 -355.532166 0.000000
337.719666 -354.180450 0.000000
339.071411 -348.773529 0.000000
336.367950 -332.552734 0.000000
335.016205 -329.849274 0.000000
332.312744 -324.442322 0.000000
333.664459 -327.145782 0.000000
330.960999 -321.738861 0.000000
329.609283 -320.387146 0.000000
328.257538 -319.035400 0.000000
314.740204 -309.573273 0.000000
310.685028 -308.221527 0.000000
305.278076 -289.297272 0.000000
299.871155 -281.186890 0.000000
257.967438 -281.186890 0.000000
253.912247 -282.538605 0.000000
-154.311005 -290.649017 0.000000
-158.366196 -292.000732 0.000000
-184.049118 -292.000732 0.000000
-189.456055 -319.035400 0.000000
-193.511246 -320.387146 0.000000
-213.787231 -335.256195 0.000000
-215.138962 -336.607910 0.000000
-215.138962 -337.959656 0.000000
-216.490707 -342.014862 0.000000
-217.842438 -369.049500 0.000000
-216.490707 -373.104706 0.000000
-215.138962 -377.159912 0.000000
-213.787231 -379.863373 0.000000
-212.435501 -382.566833 0.000000
-193.511246 -396.084167 0.000000
-190.807785 -396.084167 0.000000
-188.104309 -397.435883 0.000000
-186.752579 -410.953217 0.000000
-185.400848 -417.711884 0.000000
-185.400848 -421.767090 0.000000
-182.697388 -424.470551 0.000000
-165.124863 -429.877472 0.000000
-165.124863 -436.636139 0.000000
-165.124863 -437.987885 0.000000
-163.773132 -442.043060 0.000000
-207.028564 -443.394806 0.000000
-211.083771 -444.746521 0.000000
-213.787231 -448.801727 0.000000
-213.787231 -458.263855 0.000000
-219.194168 -467.725983 0.000000
-471.968170 -463.670776 0.000000
-474.671631 -366.346039 0.000000
-480.078552 -358.235657 0.000000
-490.892426 -358.235657 0.000000
-503.058014 -358.235657 0.000000
-505.761475 -358.235657 0.000000
-509.816681 -359.587372 0.000000
-511.168396 -356.883911 0.000000
-524.685730 232.471512 0.000000
EXTRUSION
END POLYGON
