BEGIN POLYGON
HEIGHT
-1.598307 23.908566
TYPE
0
POINTS
68.534065 60.112083 -1.598307
68.856499 35.558632 -1.598307
72.196281 35.558632 -1.598307
71.790085 60.110527 -1.598307
68.534065 60.112083 -1.598307
EXTRUSION
END POLYGON
BEGIN POLYGON
HEIGHT
-1.868422 23.908566
TYPE
0
POINTS
18.847519 27.043167 -1.868422
69.148346 27.043167 -1.868422
68.314636 71.924843 -1.868422
9.885078 52.957821 -1.868422
18.847519 27.043167 -1.868422
EXTRUSION
END POLYGON
BEGIN POLYGON
HEIGHT
-1.766235 8.688748
TYPE
0
POINTS
16.462175 33.940323 -1.766235
12.222373 46.199596 -1.766235
10.101196 45.502129 -1.766235
14.344283 33.161320 -1.766235
16.462175 33.940323 -1.766235
EXTRUSION
END POLYGON
BEGIN POLYGON
HEIGHT
23.908566 32.804981
TYPE
0
POINTS
29.124277 46.536465 23.908566
68.108101 46.536465 23.908566
68.108101 71.696236 23.908566
29.124277 59.024193 23.908566
29.124277 46.536465 23.908566
EXTRUSION
END POLYGON
BEGIN POLYGON
HEIGHT
23.908566 32.284946
TYPE
0
POINTS
11.062490 52.683533 23.908566
11.062490 52.756599 23.908566
29.183214 58.784664 23.908566
29.292816 58.821198 23.908566
29.402418 58.857731 23.908566
29.402418 27.365664 23.908566
29.365883 27.365664 23.908566
29.256283 27.365664 23.908566
19.465246 27.365664 23.908566
19.392178 27.402197 23.908566
17.163622 34.051334 23.908566
16.944418 34.234005 23.908566
12.962243 46.143997 23.908566
11.099024 52.573933 23.908566
11.062490 52.756599 23.908566
11.062490 52.683533 23.908566
EXTRUSION
END POLYGON
BEGIN POLYGON
HEIGHT
46.339920 27.041048
TYPE
0
POINTS
29.591757 46.339920 23.908566
29.591757 46.339920 24.050968
29.591757 46.339920 24.143167
29.591757 46.339920 26.540339
29.591757 46.339920 26.632538
29.591757 46.339920 26.724737
29.591757 46.339920 26.816936
29.591757 46.339920 26.909134
29.591757 46.339920 27.001333
29.591757 46.339920 27.093533
29.591757 46.339920 27.185732
29.591757 46.339920 27.416229
29.776155 46.339920 27.416229
30.375448 46.339920 27.416229
30.559845 46.339920 27.462328
30.744244 46.339920 27.554527
30.652044 46.339920 27.508429
30.790342 46.339920 27.600626
30.882542 46.339920 27.646727
37.105968 46.339920 31.380783
37.152069 46.339920 31.426882
37.244267 46.339920 31.519081
37.290367 46.339920 31.611280
37.428665 46.339920 31.657379
37.520863 46.339920 31.611280
37.566963 46.339920 31.519081
37.613064 46.339920 31.426882
37.843559 46.339920 31.058086
37.843559 46.339920 30.781490
39.641438 46.339920 27.738926
39.687538 46.339920 27.646727
39.687538 46.339920 27.600626
39.733639 46.339920 27.508429
39.779739 46.339920 27.462328
39.871937 46.339920 27.416229
39.964134 46.339920 27.416229
40.609528 46.339920 27.416229
40.932224 46.339920 27.416229
41.393219 46.339920 27.416229
41.623714 46.339920 27.462328
42.453506 46.339920 27.462328
42.914501 46.339920 27.462328
43.605991 46.339920 27.462328
43.882591 46.339920 27.462328
46.879055 46.339920 27.462328
47.109550 46.339920 27.508429
47.293949 46.339920 27.600626
47.201752 46.339920 27.554527
47.386150 46.339920 27.646727
53.793976 46.339920 31.565180
53.886173 46.339920 31.657379
53.978371 46.339920 31.749578
54.024471 46.339920 31.703480
54.070572 46.339920 31.657379
54.116669 46.339920 31.565180
54.162769 46.339920 31.472982
54.162769 46.339920 31.426882
54.393269 46.339920 31.150286
54.393269 46.339920 30.965887
56.237244 46.339920 27.785025
56.283344 46.339920 27.646727
56.375546 46.339920 27.508429
56.652142 46.339920 27.508429
56.836540 46.339920 27.554527
57.251434 46.339920 27.554527
57.343632 46.339920 27.508429
57.758526 46.339920 27.508429
57.989025 46.339920 27.554527
58.772717 46.339920 27.554527
59.003212 46.339920 27.600626
59.095413 46.339920 27.646727
65.088341 46.339920 29.859501
65.226639 46.339920 30.043898
65.318840 46.339920 30.136097
65.457138 46.339920 30.228296
65.503235 46.339920 30.228296
65.549339 46.339920 30.228296
65.595436 46.339920 30.089998
65.641533 46.339920 29.997799
65.641533 46.339920 29.951700
65.641533 46.339920 29.905600
65.779831 46.339920 29.675102
65.779831 46.339920 29.490705
66.840118 46.339920 27.692825
66.886223 46.339920 27.600626
66.932320 46.339920 27.508429
66.978416 46.339920 27.416229
67.024521 46.339920 27.370129
67.070618 46.339920 27.277931
68.177010 46.339920 25.848846
68.499702 46.339920 25.618349
68.499702 46.339920 25.387852
68.499702 46.339920 25.249554
68.499702 46.339920 25.203455
68.499702 46.339920 25.157354
68.499702 46.339920 25.111256
68.499702 46.339920 25.065157
68.499702 46.339920 25.019056
68.499702 46.339920 24.972958
68.499702 46.339920 24.926857
68.499702 46.339920 24.788559
68.499702 46.339920 24.742460
68.499702 46.339920 24.696360
68.499702 46.339920 24.650261
68.499702 46.339920 24.604162
68.499702 46.339920 24.558062
68.499702 46.339920 24.511963
68.499702 46.339920 24.373665
68.499702 46.339920 24.327564
68.499702 46.339920 24.281466
68.499702 46.339920 24.235365
68.499702 46.339920 24.189266
68.499702 46.339920 23.908566
29.591757 46.339920 23.908566
EXTRUSION
END POLYGON
