BEGIN POLYGON
HEIGHT
-271.879639 402.382324
TYPE
0
POINTS
-1560.432983 1898.329590 -271.879639
-1557.348267 1900.385986 -271.879639
-1323.941650 2001.151855 -271.879639
-1321.885254 2002.180054 -271.879639
-1317.772339 2003.208374 -271.879639
-1316.744141 2004.236572 -271.879639
-972.289368 2109.115234 -271.879639
-752.249634 2151.272461 -271.879639
-747.108521 2152.300781 -271.879639
-746.080322 2152.300781 -271.879639
-745.052063 2152.300781 -271.879639
-744.023865 2151.272461 -271.879639
-742.995605 2148.187744 -271.879639
-683.358704 1956.938354 -271.879639
-683.358704 1954.881836 -271.879639
-682.330505 1952.825439 -271.879639
-1493.598511 1699.882568 -271.879639
-1494.626709 1699.882568 -271.879639
-1495.654907 1699.882568 -271.879639
-1497.711304 1699.882568 -271.879639
-1499.767822 1702.967163 -271.879639
-1559.404785 1897.301392 -271.879639
-1559.404785 1896.273193 -271.879639
-1559.404785 1898.329590 -271.879639
-1560.432983 1898.329590 -271.879639
EXTRUSION
END POLYGON
BEGIN POLYGON
HEIGHT
-271.879669 481.382172
TYPE
0
POINTS
-2317.253174 1446.046753 -271.879669
144.973969 2216.281982 -271.879669
148.130676 2216.281982 -271.879669
151.287369 2216.281982 -271.879669
157.600769 2206.811768 -271.879669
160.757477 2200.498291 -271.879669
381.726563 1490.240601 -271.879669
381.726563 1487.083862 -271.879669
381.726563 1477.613770 -271.879669
384.883270 1477.613770 -271.879669
381.726563 1477.613770 -271.879669
378.569855 1477.613770 -271.879669
375.413177 1477.613770 -271.879669
372.256470 1477.613770 -271.879669
-2064.717041 716.848755 -271.879669
-2067.873779 713.692078 -271.879669
-2071.030273 713.692078 -271.879669
-2074.187012 713.692078 -271.879669
-2077.343750 713.692078 -271.879669
-2080.500488 713.692078 -271.879669
-2086.813965 713.692078 -271.879669
-2089.970459 723.162170 -271.879669
-2314.096436 1439.733398 -271.879669
-2317.253174 1449.203491 -271.879669
-2317.253174 1446.046753 -271.879669
EXTRUSION
END POLYGON
BEGIN POLYGON
HEIGHT
-805.760071 1779.492432
TYPE
0
POINTS
382.607422 1482.284912 -272.460663
382.607422 1482.284912 -265.084167
384.799194 1475.241577 481.784607
387.538910 1466.437500 1123.538574
388.086853 1464.676636 1125.382690
506.443054 1084.336426 1313.482910
508.086884 1079.053955 1317.171143
509.182770 1075.532227 1319.015259
509.730713 1073.771362 1319.015259
510.278656 1072.010620 1319.015259
510.826599 1070.249756 1319.015259
511.374542 1068.488892 1319.015259
630.278687 686.387817 1129.070923
631.374573 682.866150 1127.226807
631.922546 681.105347 1127.226807
633.018433 677.583679 1125.382690
633.566345 675.822815 1123.538574
633.566345 675.822815 -266.928314
634.662231 672.301147 -272.460663
631.374573 682.866150 -272.460663
382.607422 1482.284912 -272.460663
EXTRUSION
END POLYGON
BEGIN POLYGON
HEIGHT
-271.879669 986.674377
TYPE
0
POINTS
-1743.479736 -64.271439 -271.879669
-1729.142212 -57.102665 -271.879669
-1725.557861 -57.102665 -271.879669
500.346069 638.268250 -271.879669
518.268005 641.852661 -271.879669
521.852356 645.437012 -271.879669
525.436768 634.683899 -271.879669
529.021179 627.515076 -271.879669
1220.807739 -1598.388672 -271.879669
1224.392090 -1609.141846 -271.879669
1217.223389 -1612.726318 -271.879669
1206.470215 -1616.310669 -271.879669
-1026.602539 -2311.681641 -271.879669
-1037.355713 -2315.265869 -271.879669
-1040.940063 -2315.265869 -271.879669
-1048.108887 -2290.175293 -271.879669
-1048.108887 -2293.759766 -271.879669
-1736.311035 -82.193367 -271.879669
-1739.895386 -71.440208 -271.879669
-1739.895386 -64.271439 -271.879669
-1743.479736 -64.271439 -271.879669
EXTRUSION
END POLYGON
BEGIN POLYGON
HEIGHT
986.674377 1101.961792
TYPE
1
POINTS
-1729.142212 -60.687054 986.674377
521.852356 641.852661 986.674377
532.605530 616.761963 986.674377
1224.392090 -1609.141846 986.674377
-980.005493 -2297.343994 986.674377
-1026.602539 -2311.681641 986.674377
-1711.220337 -118.037231 986.674377
-1729.142212 -60.687054 986.674377
TAPER
-1460.560669 -201.496811 1101.961792
381.042603 373.271088 1101.961792
389.840088 352.743683 1101.961792
955.810547 -1468.332153 1101.961792
-847.670410 -2031.369995 1101.961792
-885.792786 -2043.100098 1101.961792
-1445.898193 -248.416641 1101.961792
-1460.560669 -201.496811 1101.961792
END POLYGON
BEGIN POLYGON
HEIGHT
1101.961792 1294.107422
TYPE
0
POINTS
-1012.264954 -415.541290 1101.961792
-1008.680603 -411.956909 1101.961792
-994.343018 -408.372498 1101.961792
166.998123 -46.349506 1101.961792
181.335678 -42.765121 1101.961792
184.920059 -42.765121 1101.961792
188.504440 -42.765121 1101.961792
192.088837 -46.349506 1101.961792
557.696228 -1222.028198 1101.961792
561.280640 -1232.781372 1101.961792
561.280640 -1243.534546 1101.961792
-614.398071 -1609.141846 1101.961792
-625.151245 -1612.726318 1101.961792
-628.735657 -1612.726318 1101.961792
-635.904419 -1616.310669 1101.961792
-639.488770 -1612.726318 1101.961792
-1008.680603 -422.710052 1101.961792
-1008.680603 -426.294434 1101.961792
-1008.680603 -419.125671 1101.961792
-1012.264954 -415.541290 1101.961792
EXTRUSION
END POLYGON
BEGIN POLYGON
HEIGHT
1294.107422 1659.184082
TYPE
1
POINTS
-1012.264954 -415.541290 1294.107422
170.582520 -46.349506 1294.107422
188.504440 -42.765121 1294.107422
554.111877 -1211.275024 1294.107422
561.280640 -1239.950073 1294.107422
550.527466 -1247.118896 1294.107422
-589.307373 -1601.973145 1294.107422
-635.904419 -1616.310669 1294.107422
-1012.264954 -415.541290 1294.107422
TAPER
-235.703522 -823.324646 1659.184082
-223.017120 -819.364929 1659.184082
-222.824905 -819.326538 1659.184082
-218.903656 -831.859131 1659.184082
-218.826767 -832.166687 1659.184082
-218.942093 -832.243591 1659.184082
-231.167175 -836.049500 1659.184082
-231.666931 -836.203247 1659.184082
-235.703522 -823.324646 1659.184082
END POLYGON
