BEGIN POLYGON
HEIGHT
-2.400100 -1.458121
TYPE
0
POINTS
EXTRUSION
END POLYGON
BEGIN POLYGON
HEIGHT
-1.458121 5.135732
TYPE
0
POINTS
24.006041 23.303148 -1.458121
24.006041 41.132408 -1.458121
85.229652 41.206081 -1.458121
85.229652 23.450499 -1.458121
85.155975 23.229475 -1.458121
84.934952 23.229475 -1.458121
68.284485 23.229475 -1.458121
67.989784 23.008451 -1.458121
67.989784 22.640078 -1.458121
67.547737 22.198030 -1.458121
67.474068 22.124355 -1.458121
67.400391 22.050680 -1.458121
67.326714 21.977007 -1.458121
66.074249 21.903332 -1.458121
65.926895 22.050680 -1.458121
65.558525 22.492729 -1.458121
59.885578 22.713753 -1.458121
59.517208 22.198030 -1.458121
59.443531 22.124355 -1.458121
59.369858 22.050680 -1.458121
59.296185 21.977007 -1.458121
59.148834 21.755981 -1.458121
59.148834 21.534958 -1.458121
59.148834 20.945560 -1.458121
50.160530 20.871887 -1.458121
50.160530 21.461285 -1.458121
50.086857 21.829657 -1.458121
50.013180 21.903332 -1.458121
49.865833 22.050680 -1.458121
49.423782 22.492729 -1.458121
43.824512 22.640078 -1.458121
43.603489 22.198030 -1.458121
43.529816 22.124355 -1.458121
43.456139 22.050680 -1.458121
43.382465 21.977007 -1.458121
41.982647 21.903332 -1.458121
41.835297 22.050680 -1.458121
41.393250 22.492729 -1.458121
41.393250 22.934776 -1.458121
24.374413 23.303148 -1.458121
24.006041 23.303148 -1.458121
EXTRUSION
END POLYGON
BEGIN POLYGON
HEIGHT
5.135732 5.472153
TYPE
0
POINTS
23.416643 34.649040 5.135732
23.563993 34.796391 5.135732
23.711342 34.943741 5.135732
23.785017 41.279755 5.135732
85.450676 41.427105 5.135732
85.524345 41.206081 5.135732
85.524345 40.911385 5.135732
85.450676 40.690361 5.135732
85.450676 38.701145 5.135732
85.524345 38.480122 5.135732
85.524345 35.091087 5.135732
85.671700 34.870064 5.135732
85.745369 34.796391 5.135732
85.819046 34.722713 5.135732
85.819046 34.575367 5.135732
85.671700 34.501690 5.135732
85.598022 34.354343 5.135732
85.598022 34.059643 5.135732
85.671700 33.838619 5.135732
85.671700 33.764946 5.135732
85.745369 33.543922 5.135732
85.745369 33.470245 5.135732
85.819046 33.249222 5.135732
85.819046 32.954525 5.135732
85.892723 32.070427 5.135732
85.819046 31.849405 5.135732
85.819046 31.628382 5.135732
85.745369 31.407358 5.135732
85.745369 31.333683 5.135732
85.671700 31.112659 5.135732
85.671700 30.965309 5.135732
85.598022 30.744286 5.135732
85.598022 30.449587 5.135732
85.671700 30.375912 5.135732
85.745369 30.302238 5.135732
85.819046 30.228563 5.135732
85.819046 30.154888 5.135732
85.745369 30.081215 5.135732
85.671700 30.007540 5.135732
85.598022 29.933865 5.135732
85.524345 23.597847 5.135732
85.524345 23.303148 5.135732
85.450676 23.082125 5.135732
68.358162 23.082125 5.135732
68.063461 22.861101 5.135732
68.063461 22.787426 5.135732
68.063461 22.345379 5.135732
67.695091 21.977007 5.135732
65.926895 21.755981 5.135732
65.484848 22.198030 5.135732
65.337502 22.345379 5.135732
60.401302 22.640078 5.135732
60.106606 22.419054 5.135732
60.032928 22.345379 5.135732
59.738232 22.050680 5.135732
59.664555 21.977007 5.135732
59.590881 21.903332 5.135732
59.517208 21.829657 5.135732
59.443531 21.755981 5.135732
59.369858 21.608633 5.135732
59.369858 21.313934 5.135732
59.369858 21.019236 5.135732
49.939507 20.798212 5.135732
49.939507 21.240259 5.135732
49.939507 21.387609 5.135732
49.865833 21.755981 5.135732
49.792156 21.829657 5.135732
49.644806 21.977007 5.135732
49.350109 22.271704 5.135732
49.202759 22.566402 5.135732
44.340237 22.640078 5.135732
44.045536 22.419054 5.135732
43.971863 22.345379 5.135732
43.603489 21.977007 5.135732
41.908974 21.682308 5.135732
41.614273 21.977007 5.135732
41.687950 21.903332 5.135732
41.319576 22.271704 5.135732
41.245903 22.419054 5.135732
41.245903 22.566402 5.135732
23.858690 23.082125 5.135732
23.785017 23.155800 5.135732
23.785017 23.303148 5.135732
23.785017 29.491817 5.135732
23.711342 29.860189 5.135732
23.637667 29.933865 5.135732
23.563993 30.007540 5.135732
23.490318 30.154888 5.135732
23.563993 30.302238 5.135732
23.711342 30.744286 5.135732
23.637667 30.965309 5.135732
23.563993 31.333683 5.135732
23.563993 31.260008 5.135732
23.490318 31.628382 5.135732
23.490318 33.249222 5.135732
23.563993 33.543922 5.135732
23.637667 33.838619 5.135732
23.637667 33.912292 5.135732
23.711342 34.206993 5.135732
23.563993 34.575367 5.135732
23.490318 34.649040 5.135732
23.416643 34.649040 5.135732
EXTRUSION
END POLYGON
BEGIN POLYGON
HEIGHT
5.472153 23.773458
TYPE
0
POINTS
24.006041 23.229475 5.472153
24.006041 41.058731 5.472153
48.171314 41.427105 5.472153
48.539688 44.226742 5.472153
60.695999 44.595116 5.472153
60.843349 44.521439 5.472153
60.843349 44.300415 5.472153
60.843349 41.795479 5.472153
60.843349 41.574455 5.472153
60.990700 41.427105 5.472153
85.155975 41.427105 5.472153
85.229652 41.353432 5.472153
85.229652 41.132408 5.472153
85.229652 23.524174 5.472153
85.155975 23.303148 5.472153
84.934952 23.303148 5.472153
67.989784 23.229475 5.472153
67.842438 23.008451 5.472153
67.842438 22.934776 5.472153
67.842438 22.492729 5.472153
67.547737 22.124355 5.472153
65.926895 21.977007 5.472153
65.484848 22.419054 5.472153
60.106606 22.787426 5.472153
59.885578 22.713753 5.472153
59.811905 22.566402 5.472153
59.590881 22.198030 5.472153
59.517208 22.124355 5.472153
59.443531 22.050680 5.472153
59.369858 21.977007 5.472153
59.296185 21.903332 5.472153
59.222507 21.755981 5.472153
59.222507 21.461285 5.472153
59.222507 21.166586 5.472153
50.234203 20.650864 5.472153
50.160530 20.724537 5.472153
50.160530 20.871887 5.472153
50.160530 21.313934 5.472153
50.086857 21.682308 5.472153
49.939507 21.903332 5.472153
49.792156 22.050680 5.472153
49.497459 22.345379 5.472153
49.423782 22.492729 5.472153
44.045536 22.861101 5.472153
43.750839 22.640078 5.472153
43.750839 22.492729 5.472153
43.456139 22.124355 5.472153
41.761623 22.050680 5.472153
41.540600 22.271704 5.472153
41.393250 22.492729 5.472153
41.393250 22.787426 5.472153
24.374413 23.229475 5.472153
24.006041 23.229475 5.472153
EXTRUSION
END POLYGON
BEGIN POLYGON
HEIGHT
23.773458 24.446301
TYPE
0
POINTS
23.563993 22.787426 23.773458
23.563993 23.082125 23.773458
23.563993 41.500778 23.773458
47.655594 41.942829 23.773458
48.023968 44.300415 23.773458
61.285397 44.447765 23.773458
61.285397 42.311199 23.773458
61.285397 42.090176 23.773458
61.506420 41.942829 23.773458
85.745369 41.648129 23.773458
85.745369 23.155800 23.773458
68.652863 22.787426 23.773458
68.358162 22.566402 23.773458
68.358162 22.492729 23.773458
68.358162 22.271704 23.773458
68.284485 22.198030 23.773458
68.210815 22.124355 23.773458
68.137138 22.050680 23.773458
67.768761 21.682308 23.773458
67.695091 21.608633 23.773458
67.621414 21.534958 23.773458
67.547737 21.461285 23.773458
67.474068 21.387609 23.773458
67.326714 21.313934 23.773458
66.000572 21.313934 23.773458
65.779549 21.461285 23.773458
65.632202 21.608633 23.773458
65.337502 21.903332 23.773458
65.190155 22.050680 23.773458
65.042801 22.198030 23.773458
64.748108 22.345379 23.773458
60.548653 22.345379 23.773458
60.327629 22.198030 23.773458
60.180279 22.050680 23.773458
59.811905 21.682308 23.773458
59.738232 21.608633 23.773458
59.664555 21.534958 23.773458
59.590881 21.461285 23.773458
59.517208 21.387609 23.773458
59.443531 21.313934 23.773458
59.296185 21.240259 23.773458
58.633110 21.240259 23.773458
58.412086 21.166586 23.773458
58.264740 21.092911 23.773458
58.043713 21.019236 23.773458
57.306969 20.724537 23.773458
57.085945 20.650864 23.773458
57.012268 20.577188 23.773458
56.791245 20.503513 23.773458
56.570221 20.429838 23.773458
56.422874 20.356165 23.773458
55.096729 20.356165 23.773458
54.875706 20.282490 23.773458
52.886490 20.356165 23.773458
52.739143 20.429838 23.773458
52.518120 20.503513 23.773458
52.297092 20.577188 23.773458
52.002396 20.724537 23.773458
51.412998 20.945560 23.773458
51.265648 21.019236 23.773458
51.044624 21.092911 23.773458
50.897278 21.166586 23.773458
50.676254 21.240259 23.773458
50.086857 21.240259 23.773458
50.013180 21.313934 23.773458
49.865833 21.313934 23.773458
49.718483 21.461285 23.773458
49.571133 21.608633 23.773458
49.202759 21.977007 23.773458
48.981735 22.198030 23.773458
48.687038 22.345379 23.773458
44.561260 22.345379 23.773458
44.340237 22.271704 23.773458
44.192886 22.198030 23.773458
43.750839 21.682308 23.773458
43.603489 21.608633 23.773458
43.529816 21.461285 23.773458
43.382465 21.313934 23.773458
41.908974 21.313934 23.773458
41.761623 21.461285 23.773458
41.687950 21.534958 23.773458
41.319576 21.903332 23.773458
41.172226 22.050680 23.773458
41.024876 22.198030 23.773458
40.951202 22.345379 23.773458
40.656506 22.787426 23.773458
23.563993 22.787426 23.773458
EXTRUSION
END POLYGON
BEGIN POLYGON
HEIGHT
41.196899 24.538200
TYPE
0
POINTS
41.196899 40.887783 28.404394
41.196899 40.827614 28.444506
41.196899 40.807560 28.464561
41.196899 40.767448 29.928654
41.196899 40.787502 29.948709
41.196899 40.807560 29.988823
41.196899 40.767448 30.089102
41.196899 40.747391 30.109159
41.196899 40.707279 30.089102
41.196899 40.647110 30.089102
41.196899 37.859318 30.089102
41.196899 37.819206 30.069046
41.196899 37.738983 30.069046
41.196899 37.658760 30.109159
41.196899 32.885418 34.862442
41.196899 32.825249 34.902557
41.196899 32.805195 34.942669
41.196899 32.745026 34.982780
41.196899 32.484299 35.303677
41.196899 32.484299 35.383900
41.196899 32.484299 35.403957
41.196899 32.464241 35.444069
41.196899 32.464241 35.504238
41.196899 32.464241 35.524292
41.196899 32.444183 35.604519
41.196899 32.444183 35.624573
41.196899 32.444183 35.664684
41.196899 32.444183 35.744911
41.196899 32.384018 35.865246
41.196899 32.424129 35.905357
41.196899 32.444183 35.945469
41.196899 32.444183 35.985584
41.196899 32.444183 36.005638
41.196899 32.424129 36.065807
41.196899 32.363960 36.105919
41.196899 32.303791 36.105919
41.196899 32.243626 36.065807
41.196899 32.183456 36.045750
41.196899 32.203514 35.724854
41.196899 32.163399 35.704796
41.196899 32.163399 35.624573
41.196899 32.163399 35.604519
41.196899 32.163399 35.584461
41.196899 32.163399 35.564404
41.196899 32.163399 35.544350
41.196899 32.143345 35.484180
41.196899 32.163399 35.444069
41.196899 32.143345 35.383900
41.196899 32.103233 35.363846
41.196899 32.123287 35.283619
41.196899 32.123287 35.263565
41.196899 32.103233 35.203396
41.196899 32.103233 35.183342
41.196899 32.063122 35.143227
41.196899 32.023006 35.123173
41.196899 32.002953 35.083061
41.196899 31.962839 35.063004
41.196899 31.942783 35.022892
41.196899 31.902672 35.002834
41.196899 31.882616 34.962723
41.196899 31.762280 34.842388
41.196899 31.702110 34.802277
41.196899 26.988939 30.048990
41.196899 26.908714 30.048990
41.196899 26.848545 30.048990
41.196899 26.828489 30.048990
41.196899 26.808434 30.048990
41.196899 24.100866 30.008879
41.196899 23.880251 29.988823
41.196899 23.840137 29.868486
41.196899 23.880251 29.848431
41.196899 23.900307 29.808317
41.196899 23.900307 29.487421
41.196899 23.920362 29.427252
41.196899 23.900307 29.367085
41.196899 23.900307 28.424450
41.196899 23.800026 28.264002
41.196899 23.940418 24.553631
41.196899 23.920362 24.493464
41.196899 23.920362 24.453352
41.196899 23.940418 24.433294
41.196899 40.747391 24.433294
41.196899 40.767448 24.453352
41.196899 40.767448 24.493464
41.196899 40.727337 26.819965
41.196899 40.727337 26.860077
41.196899 40.727337 26.900190
41.196899 40.727337 26.940302
41.196899 40.727337 26.980413
41.196899 40.727337 27.020527
41.196899 40.727337 27.060638
41.196899 40.727337 27.100750
41.196899 40.727337 27.140863
41.196899 40.727337 28.143665
41.196899 40.767448 28.264002
41.196899 40.887783 28.404394
EXTRUSION
END POLYGON
BEGIN POLYGON
HEIGHT
44.995800 37.619400
TYPE
0
POINTS
49.234314 44.995800 24.548994
49.234314 44.995800 24.641823
49.327145 44.995800 29.817034
50.116188 44.995800 29.817034
50.139397 44.995800 29.817034
50.162605 44.995800 29.817034
50.185810 44.995800 29.817034
50.209019 44.995800 29.817034
50.232224 44.995800 29.817034
50.348263 44.995800 29.840242
54.641598 44.995800 34.133579
54.664806 44.995800 34.179993
54.688011 44.995800 34.179993
54.711220 44.995800 34.133579
54.757633 44.995800 34.087162
58.958141 44.995800 29.863449
59.027763 44.995800 29.817034
59.120594 44.995800 29.817034
59.097385 44.995800 29.817034
59.143799 44.995800 29.817034
59.167007 44.995800 29.817034
59.213421 44.995800 29.817034
59.979259 44.995800 29.817034
60.048882 44.995800 29.817034
60.095295 44.995800 29.793827
60.095295 44.995800 24.665031
60.095295 44.995800 24.595409
60.072090 44.995800 24.548994
49.234314 44.995800 24.548994
EXTRUSION
END POLYGON
BEGIN POLYGON
HEIGHT
67.233597 85.714104
TYPE
0
POINTS
85.714104 40.921688 28.396805
85.714104 40.861492 28.436935
85.714104 40.841427 28.457001
85.714104 40.801292 29.921795
85.714104 40.821362 29.941860
85.714104 40.841427 29.981993
85.714104 40.801292 30.082321
85.714104 40.781227 30.102386
85.714104 40.741096 30.082321
85.714104 40.680901 30.082321
85.714104 37.891773 30.082321
85.714104 37.851643 30.062254
85.714104 37.771378 30.062254
85.714104 37.691116 30.102386
85.714104 32.915489 34.857948
85.714104 32.855289 34.898079
85.714104 32.835224 34.938213
85.714104 32.775028 34.978344
85.714104 32.514175 35.299393
85.714104 32.514175 35.379658
85.714104 32.514175 35.399723
85.714104 32.494110 35.439854
85.714104 32.494110 35.500050
85.714104 32.494110 35.520115
85.714104 32.474045 35.600380
85.714104 32.474045 35.620445
85.714104 32.474045 35.660576
85.714104 32.474045 35.740837
85.714104 32.413845 35.861233
85.714104 32.453976 35.901363
85.714104 32.474045 35.941494
85.714104 32.474045 35.981625
85.714104 32.474045 36.001694
85.714104 32.453976 36.061890
85.714104 32.393780 36.102020
85.714104 32.333584 36.102020
85.714104 32.273388 36.061890
85.714104 32.213188 36.041824
85.714104 32.233253 35.720772
85.714104 32.193123 35.700706
85.714104 32.193123 35.620445
85.714104 32.193123 35.600380
85.714104 32.193123 35.580315
85.714104 32.193123 35.560246
85.714104 32.193123 35.540180
85.714104 32.173058 35.479984
85.714104 32.193123 35.439854
85.714104 32.173058 35.379658
85.714104 32.132927 35.359592
85.714104 32.152992 35.279327
85.714104 32.152992 35.259262
85.714104 32.132927 35.199066
85.714104 32.132927 35.179001
85.714104 32.092796 35.138870
85.714104 32.052666 35.118801
85.714104 32.032600 35.078671
85.714104 31.992468 35.058605
85.714104 31.972401 35.018475
85.714104 31.932270 34.998409
85.714104 31.912205 34.958279
85.714104 31.791811 34.837883
85.714104 31.731613 34.797752
85.714104 27.016182 30.042189
85.714104 26.935919 30.042189
85.714104 26.875723 30.042189
85.714104 26.855658 30.042189
85.714104 26.835590 30.042189
85.714104 24.126726 30.002058
85.714104 23.906004 29.981993
85.714104 23.865873 29.861599
85.714104 23.906004 29.841532
85.714104 23.926069 29.801401
85.714104 23.926069 29.480350
85.714104 23.946135 29.420153
85.714104 23.926069 29.359957
85.714104 23.926069 28.416870
85.714104 23.825741 28.256346
85.714104 23.966202 24.544197
85.714104 23.946135 24.483999
85.714104 23.946135 24.443869
85.714104 23.966202 24.423803
85.714104 40.781227 24.423803
85.714104 40.801292 24.443869
85.714104 40.801292 24.483999
85.714104 40.761162 26.811617
85.714104 40.761162 26.851748
85.714104 40.761162 26.891880
85.714104 40.761162 26.932011
85.714104 40.761162 26.972143
85.714104 40.761162 27.012274
85.714104 40.761162 27.052404
85.714104 40.761162 27.092537
85.714104 40.761162 27.132668
85.714104 40.761162 28.135950
85.714104 40.801292 28.256346
85.714104 40.921688 28.396805
EXTRUSION
END POLYGON
BEGIN POLYGON
HEIGHT
24.446400 35.241531
TYPE
0
POINTS
41.503269 33.674210 24.446400
41.503269 33.927677 24.446400
41.503269 34.244511 24.446400
41.503269 34.466297 24.446400
41.534954 34.561344 24.446400
41.598320 34.656395 24.446400
41.978519 35.004913 24.446400
42.010204 35.068279 24.446400
42.105255 35.131645 24.446400
42.168621 35.195015 24.446400
42.295357 35.195015 24.446400
42.390404 35.163330 24.446400
42.548820 35.195015 24.446400
42.707241 35.195015 24.446400
42.770607 35.163330 24.446400
43.024075 35.163330 24.446400
43.055756 35.131645 24.446400
43.087440 35.099964 24.446400
43.119125 35.068279 24.446400
43.689426 34.593029 24.446400
43.689426 34.561344 24.446400
43.689426 34.529663 24.446400
43.689426 34.497978 24.446400
43.689426 34.466297 24.446400
43.689426 34.434612 24.446400
43.689426 34.402927 24.446400
43.689426 34.371246 24.446400
43.689426 34.276196 24.446400
43.689426 34.181145 24.446400
43.752792 34.117779 24.446400
45.748844 34.117779 24.446400
45.843895 34.086094 24.446400
45.938946 34.086094 24.446400
46.033997 34.117779 24.446400
48.727085 34.117779 24.446400
48.822136 34.086094 24.446400
49.392437 34.086094 24.446400
49.550854 34.244511 24.446400
49.550854 34.561344 24.446400
49.614220 34.624714 24.446400
49.677586 34.688080 24.446400
49.994423 35.004913 24.446400
50.089470 35.068279 24.446400
50.152840 35.131645 24.446400
50.216206 35.321747 24.446400
50.216206 37.191067 24.446400
50.216206 37.317802 24.446400
50.247890 37.349483 24.446400
59.024189 37.349483 24.446400
59.055874 37.317802 24.446400
59.055874 37.254436 24.446400
59.055874 35.226696 24.446400
59.119240 35.131645 24.446400
59.150925 35.099964 24.446400
59.182606 35.068279 24.446400
59.214291 35.036598 24.446400
59.499443 34.751446 24.446400
59.594490 34.688080 24.446400
59.626175 34.656395 24.446400
59.657860 34.624714 24.446400
59.689541 34.593029 24.446400
59.721226 34.561344 24.446400
59.721226 34.276196 24.446400
59.721226 34.149460 24.446400
59.784592 34.086094 24.446400
60.449944 34.086094 24.446400
65.392555 34.117779 24.446400
65.550972 34.339561 24.446400
65.550972 34.434612 24.446400
65.550972 34.497978 24.446400
65.550972 34.561344 24.446400
65.550972 34.593029 24.446400
65.646019 34.688080 24.446400
65.994537 34.973228 24.446400
66.089592 35.036598 24.446400
66.152954 35.099964 24.446400
66.248009 35.163330 24.446400
66.406425 35.163330 24.446400
66.564842 35.195015 24.446400
66.723259 35.195015 24.446400
66.786621 35.163330 24.446400
66.881676 35.163330 24.446400
66.976723 35.195015 24.446400
67.103455 35.195015 24.446400
67.135139 35.163330 24.446400
67.166824 35.131645 24.446400
67.230194 35.099964 24.446400
67.261871 35.068279 24.446400
67.578705 34.751446 24.446400
67.610390 34.688080 24.446400
67.673759 34.656395 24.446400
67.705444 34.593029 24.446400
67.737129 34.561344 24.446400
67.768806 34.466297 24.446400
67.768806 34.307880 24.446400
67.768806 34.022728 24.446400
67.768806 33.927677 24.446400
67.768806 33.895996 24.446400
67.768806 33.864311 24.446400
67.768806 33.800945 24.446400
67.768806 33.705894 24.446400
67.768806 33.674210 24.446400
67.230194 33.135593 24.446400
67.166824 33.103909 24.446400
67.135139 33.040543 24.446400
67.103455 33.040543 24.446400
67.071777 33.040543 24.446400
67.040092 33.040543 24.446400
67.008408 33.040543 24.446400
66.976723 33.040543 24.446400
66.913361 33.040543 24.446400
66.818306 33.040543 24.446400
66.691574 32.913811 24.446400
66.691574 27.876148 24.446400
66.691574 27.749414 24.446400
66.659889 27.654364 24.446400
66.659889 24.295923 24.446400
66.691574 24.232557 24.446400
66.691574 24.137506 24.446400
66.659889 24.074141 24.446400
66.723259 23.979090 24.446400
66.754944 23.979090 24.446400
66.881676 23.979090 24.446400
66.945038 23.947407 24.446400
67.135139 23.947407 24.446400
67.198509 23.884041 24.446400
67.261871 23.852356 24.446400
67.578705 23.535522 24.446400
67.610390 23.472157 24.446400
67.673759 23.408789 24.446400
67.705444 23.377106 24.446400
67.737129 23.345423 24.446400
67.737129 23.028587 24.446400
67.737129 22.743437 24.446400
67.737129 22.521654 24.446400
67.705444 22.426603 24.446400
67.642075 22.331553 24.446400
67.293556 21.983036 24.446400
67.230194 21.919668 24.446400
67.198509 21.887985 24.446400
67.166824 21.856302 24.446400
67.135139 21.824619 24.446400
66.818306 21.824619 24.446400
66.564842 21.824619 24.446400
66.248009 21.824619 24.446400
66.184639 21.887985 24.446400
66.089592 21.951353 24.446400
65.614334 22.426603 24.446400
65.614334 22.489971 24.446400
65.614334 22.553337 24.446400
65.614334 22.616703 24.446400
65.614334 22.680071 24.446400
65.297501 22.901855 24.446400
65.202454 22.870171 24.446400
59.847958 22.901855 24.446400
59.721226 22.806805 24.446400
59.721226 22.775122 24.446400
59.721226 22.521654 24.446400
59.689541 22.426603 24.446400
59.657860 22.394920 24.446400
59.626175 22.363237 24.446400
59.594490 22.331553 24.446400
59.277657 21.983036 24.446400
59.214291 21.951353 24.446400
59.182606 21.919668 24.446400
59.150925 21.887985 24.446400
59.119240 21.856302 24.446400
59.087559 21.824619 24.446400
58.168739 21.824619 24.446400
58.105373 21.887985 24.446400
57.566753 22.426603 24.446400
57.566753 22.489971 24.446400
57.566753 22.553337 24.446400
57.566753 22.616703 24.446400
57.566753 22.680071 24.446400
57.440022 22.870171 24.446400
51.832058 22.870171 24.446400
51.705326 22.775122 24.446400
51.705326 22.743437 24.446400
51.261757 21.983036 24.446400
51.198391 21.919668 24.446400
51.166706 21.887985 24.446400
51.135025 21.856302 24.446400
51.103340 21.824619 24.446400
50.184521 21.824619 24.446400
50.121155 21.887985 24.446400
50.057789 21.951353 24.446400
49.740955 22.268187 24.446400
49.677586 22.331553 24.446400
49.645905 22.363237 24.446400
49.582539 22.426603 24.446400
49.550854 22.489971 24.446400
49.550854 22.680071 24.446400
49.455803 22.901855 24.446400
44.069626 22.870171 24.446400
43.974575 22.901855 24.446400
43.784473 22.901855 24.446400
43.657742 22.806805 24.446400
43.657742 22.775122 24.446400
43.657742 22.680071 24.446400
43.657742 22.648388 24.446400
43.657742 22.616703 24.446400
43.657742 22.521654 24.446400
43.657742 22.489971 24.446400
43.657742 22.426603 24.446400
43.245857 22.014719 24.446400
43.182491 21.951353 24.446400
43.119125 21.919668 24.446400
43.087440 21.887985 24.446400
43.024075 21.824619 24.446400
42.770607 21.824619 24.446400
42.517139 21.824619 24.446400
42.136940 21.824619 24.446400
42.073570 21.887985 24.446400
41.693371 22.299870 24.446400
41.630005 22.331553 24.446400
41.566635 22.426603 24.446400
41.534954 22.458286 24.446400
41.534954 22.711754 24.446400
41.534954 22.965221 24.446400
41.534954 23.345423 24.446400
41.598320 23.408789 24.446400
41.661686 23.472157 24.446400
41.946838 23.757307 24.446400
42.010204 23.852356 24.446400
42.136940 23.947407 24.446400
42.422089 23.947407 24.446400
42.580505 24.105824 24.446400
42.580505 24.232557 24.446400
42.612190 24.359291 24.446400
42.612190 27.590998 24.446400
42.580505 27.749414 24.446400
42.580505 27.876148 24.446400
42.612190 28.002882 24.446400
42.580505 32.913811 24.446400
42.453773 33.040543 24.446400
42.358723 33.040543 24.446400
42.295357 33.040543 24.446400
42.263672 33.040543 24.446400
42.231987 33.040543 24.446400
42.200306 33.040543 24.446400
42.136940 33.040543 24.446400
41.693371 33.484112 24.446400
41.630005 33.547478 24.446400
41.566635 33.610844 24.446400
41.503269 33.705894 24.446400
41.503269 33.674210 24.446400
EXTRUSION
END POLYGON
BEGIN POLYGON
HEIGHT
35.241531 36.961113
TYPE
0
POINTS
41.186436 22.521654 35.241531
41.249802 22.585020 35.241531
41.281487 22.711754 35.241531
41.281487 22.901855 35.241531
41.281487 23.091955 35.241531
41.218121 23.250372 35.241531
41.186436 23.345423 35.241531
41.186436 23.440472 35.241531
41.249802 23.535522 35.241531
41.281487 23.567205 35.241531
41.313171 23.598888 35.241531
41.344852 23.598888 35.241531
41.915154 24.169191 35.241531
41.978519 24.232557 35.241531
42.010204 24.232557 35.241531
42.105255 24.232557 35.241531
42.168621 24.200874 35.241531
42.295357 24.200874 35.241531
42.453773 32.660343 35.241531
42.263672 32.818760 35.241531
42.168621 32.723709 35.241531
42.136940 32.723709 35.241531
42.105255 32.723709 35.241531
42.073570 32.723709 35.241531
41.915154 32.787075 35.241531
41.851788 32.882126 35.241531
41.788422 33.040543 35.241531
41.756737 33.072227 35.241531
41.693371 33.135593 35.241531
41.630005 33.198959 35.241531
41.439903 33.389061 35.241531
41.344852 33.420742 35.241531
41.313171 33.420742 35.241531
41.249802 33.484112 35.241531
41.186436 33.547478 35.241531
41.186436 33.674210 35.241531
41.186436 33.737576 35.241531
41.249802 34.022728 35.241531
41.249802 34.276196 35.241531
41.218121 34.466297 35.241531
41.186436 34.497978 35.241531
41.186436 34.688080 35.241531
41.218121 34.751446 35.241531
41.313171 34.814812 35.241531
41.756737 35.163330 35.241531
41.851788 35.353432 35.241531
41.915154 35.416798 35.241531
41.978519 35.480164 35.241531
42.136940 35.480164 35.241531
42.200306 35.416798 35.241531
42.295357 35.416798 35.241531
42.358723 35.385113 35.241531
42.580505 35.385113 35.241531
42.707241 35.385113 35.241531
42.865658 35.416798 35.241531
42.897339 35.416798 35.241531
42.929024 35.416798 35.241531
42.960705 35.416798 35.241531
43.024075 35.416798 35.241531
43.087440 35.416798 35.241531
43.150806 35.353432 35.241531
43.214172 35.353432 35.241531
43.245857 35.258381 35.241531
43.784473 34.751446 35.241531
43.784473 34.719761 35.241531
43.784473 34.688080 35.241531
43.784473 34.656395 35.241531
43.784473 34.624714 35.241531
43.784473 34.593029 35.241531
43.784473 34.561344 35.241531
43.784473 34.529663 35.241531
43.784473 34.497978 35.241531
43.784473 34.371246 35.241531
43.784473 34.276196 35.241531
43.847843 34.212830 35.241531
49.075603 34.212830 35.241531
49.772636 35.131645 35.241531
49.867687 35.321747 35.241531
49.899372 35.385113 35.241531
50.026104 35.448483 35.241531
50.089470 35.638580 35.241531
50.057789 35.733631 35.241531
50.057789 35.828682 35.241531
50.089470 35.955414 35.241531
50.089470 37.286118 35.241531
59.087559 37.444534 35.241531
59.150925 37.412853 35.241531
59.150925 37.317802 35.241531
59.150925 35.606899 35.241531
59.150925 35.511848 35.241531
59.214291 35.448483 35.241531
59.309341 35.416798 35.241531
59.341026 35.385113 35.241531
59.372707 35.321747 35.241531
59.372707 35.258381 35.241531
60.006374 34.688080 35.241531
60.038059 34.624714 35.241531
60.038059 34.593029 35.241531
60.038059 34.561344 35.241531
60.038059 34.529663 35.241531
60.038059 34.497978 35.241531
60.038059 34.466297 35.241531
60.038059 34.434612 35.241531
60.038059 34.371246 35.241531
60.038059 34.276196 35.241531
65.424240 34.212830 35.241531
65.582657 34.434612 35.241531
65.582657 34.529663 35.241531
65.550972 34.624714 35.241531
65.550972 34.688080 35.241531
65.582657 34.751446 35.241531
66.057907 35.226696 35.241531
66.121269 35.290066 35.241531
66.152954 35.416798 35.241531
66.311371 35.448483 35.241531
66.374741 35.416798 35.241531
66.438103 35.385113 35.241531
66.659889 35.385113 35.241531
66.786621 35.385113 35.241531
66.945038 35.416798 35.241531
67.103455 35.480164 35.241531
67.261871 35.480164 35.241531
67.293556 35.448483 35.241531
67.325241 35.416798 35.241531
67.388611 35.353432 35.241531
67.388611 35.258381 35.241531
67.863861 34.814812 35.241531
67.927223 34.814812 35.241531
67.958908 34.783131 35.241531
68.022278 34.751446 35.241531
68.053963 34.688080 35.241531
68.053963 34.497978 35.241531
68.022278 34.466297 35.241531
67.990593 34.402927 35.241531
67.990593 34.086094 35.241531
67.990593 33.864311 35.241531
68.022278 33.800945 35.241531
68.053963 33.737576 35.241531
68.053963 33.547478 35.241531
68.022278 33.515793 35.241531
67.990593 33.484112 35.241531
67.927223 33.420742 35.241531
66.976723 32.818760 35.241531
66.818306 24.359291 35.241531
66.881676 24.295923 35.241531
67.895546 23.598888 35.241531
67.958908 23.567205 35.241531
67.990593 23.535522 35.241531
68.053963 23.472157 35.241531
68.053963 23.345423 35.241531
68.022278 23.282055 35.241531
67.990593 23.250372 35.241531
67.958908 22.933538 35.241531
67.958908 22.648388 35.241531
67.990593 22.585020 35.241531
68.053963 22.521654 35.241531
68.053963 22.331553 35.241531
68.022278 22.299870 35.241531
67.990593 22.268187 35.241531
67.927223 22.204821 35.241531
67.388611 21.729568 35.241531
67.356926 21.666203 35.241531
67.356926 21.634518 35.241531
67.325241 21.571152 35.241531
67.261871 21.539469 35.241531
67.230194 21.507786 35.241531
67.103455 21.507786 35.241531
67.040092 21.539469 35.241531
66.913361 21.602835 35.241531
66.691574 21.602835 35.241531
66.596519 21.571152 35.241531
66.406425 21.571152 35.241531
66.311371 21.539469 35.241531
66.279686 21.507786 35.241531
66.089592 21.507786 35.241531
66.026222 21.602835 35.241531
65.994537 21.634518 35.241531
65.931175 21.792936 35.241531
65.297501 22.426603 35.241531
65.297501 22.489971 35.241531
65.329185 22.553337 35.241531
65.234138 22.775122 35.241531
60.006374 22.775122 35.241531
59.911327 22.616703 35.241531
60.006374 22.521654 35.241531
60.006374 22.489971 35.241531
60.006374 22.458286 35.241531
60.006374 22.426603 35.241531
60.006374 22.394920 35.241531
60.006374 22.299870 35.241531
59.594490 21.983036 35.241531
59.531124 21.919668 35.241531
59.467758 21.887985 35.241531
59.436073 21.824619 35.241531
59.372707 21.792936 35.241531
59.341026 21.729568 35.241531
59.341026 21.634518 35.241531
59.341026 21.666203 35.241531
59.341026 21.634518 35.241531
59.309341 21.602835 35.241531
59.277657 21.571152 35.241531
59.214291 21.507786 35.241531
59.055874 21.507786 35.241531
58.992508 21.539469 35.241531
58.643990 21.571152 35.241531
58.548939 21.571152 35.241531
58.453888 21.602835 35.241531
58.422207 21.602835 35.241531
58.327156 21.571152 35.241531
58.295471 21.539469 35.241531
58.263790 21.507786 35.241531
58.073689 21.507786 35.241531
58.010323 21.539469 35.241531
57.978638 21.571152 35.241531
57.946957 21.634518 35.241531
57.249920 22.458286 35.241531
57.281605 22.521654 35.241531
57.344971 22.585020 35.241531
57.218235 22.775122 35.241531
51.958794 22.775122 35.241531
51.863743 22.648388 35.241531
51.895424 22.585020 35.241531
51.990475 22.489971 35.241531
51.293442 21.697886 35.241531
51.293442 21.602835 35.241531
51.261757 21.571152 35.241531
51.230076 21.539469 35.241531
51.166706 21.507786 35.241531
50.976608 21.507786 35.241531
50.342937 21.571152 35.241531
50.247890 21.539469 35.241531
50.216206 21.507786 35.241531
50.026104 21.507786 35.241531
49.962738 21.602835 35.241531
49.234020 22.458286 35.241531
49.265705 22.553337 35.241531
43.942890 22.775122 35.241531
43.847843 22.616703 35.241531
43.879524 22.585020 35.241531
43.974575 22.489971 35.241531
43.974575 22.426603 35.241531
43.974575 22.363237 35.241531
43.942890 22.299870 35.241531
43.911209 22.268187 35.241531
43.879524 22.236504 35.241531
43.214172 21.666203 35.241531
43.277542 21.634518 35.241531
43.245857 21.602835 35.241531
43.214172 21.571152 35.241531
43.150806 21.539469 35.241531
43.119125 21.507786 35.241531
42.960705 21.507786 35.241531
42.897339 21.571152 35.241531
42.802288 21.602835 35.241531
42.612190 21.602835 35.241531
42.327038 21.602835 35.241531
42.231987 21.571152 35.241531
42.200306 21.539469 35.241531
42.168621 21.507786 35.241531
42.010204 21.507786 35.241531
41.946838 21.571152 35.241531
41.883472 21.634518 35.241531
41.376537 22.204821 35.241531
41.344852 22.204821 35.241531
41.281487 22.236504 35.241531
41.218121 22.331553 35.241531
41.186436 22.521654 35.241531
EXTRUSION
END POLYGON
BEGIN POLYGON
HEIGHT
36.961113 41.164528
TYPE
0
POINTS
41.408218 22.394920 36.961113
41.408218 22.585020 36.961113
41.408218 22.901855 36.961113
41.408218 23.345423 36.961113
41.439903 23.377106 36.961113
41.503269 23.472157 36.961113
42.263672 24.042458 36.961113
42.327038 24.042458 36.961113
42.453773 24.137506 36.961113
42.485455 24.264240 36.961113
42.453773 24.454342 36.961113
42.485455 24.390974 36.961113
42.453773 24.454342 36.961113
42.453773 24.486025 36.961113
42.485455 24.612759 36.961113
42.485455 25.056326 36.961113
42.453773 27.844465 36.961113
42.485455 27.971199 36.961113
42.485455 28.953384 36.961113
42.453773 29.143484 36.961113
42.485455 29.270218 36.961113
42.485455 32.343506 36.961113
42.453773 32.501926 36.961113
42.485455 32.628658 36.961113
42.485455 32.692024 36.961113
42.453773 32.850441 36.961113
41.630005 33.389061 36.961113
41.503269 33.515793 36.961113
41.534954 33.484112 36.961113
41.503269 33.515793 36.961113
41.439903 33.610844 36.961113
41.408218 33.642529 36.961113
41.408218 33.959362 36.961113
41.408218 34.339561 36.961113
41.408218 34.593029 36.961113
41.471588 34.656395 36.961113
41.503269 34.719761 36.961113
41.915154 35.099964 36.961113
41.978519 35.195015 36.961113
42.073570 35.258381 36.961113
42.168621 35.290066 36.961113
42.295357 35.290066 36.961113
42.612190 35.290066 36.961113
43.087440 35.258381 36.961113
43.119125 35.195015 36.961113
43.182491 35.163330 36.961113
43.721107 34.371246 36.961113
43.784473 34.212830 36.961113
44.291409 34.212830 36.961113
44.354774 34.181145 36.961113
48.758770 34.181145 36.961113
48.917187 34.212830 36.961113
49.329071 34.212830 36.961113
49.931053 35.068279 36.961113
50.026104 35.163330 36.961113
50.121155 35.258381 36.961113
50.437988 35.258381 36.961113
50.596405 35.290066 36.961113
50.818192 35.290066 36.961113
51.039974 35.290066 36.961113
51.103340 35.258381 36.961113
51.135025 35.258381 36.961113
51.166706 35.226696 36.961113
51.230076 35.195015 36.961113
51.261757 35.131645 36.961113
51.641960 34.751446 36.961113
51.705326 34.719761 36.961113
51.737007 34.656395 36.961113
51.768692 34.624714 36.961113
51.800377 34.593029 36.961113
51.800377 34.371246 36.961113
51.800377 34.086094 36.961113
51.800377 33.705894 36.961113
51.768692 33.610844 36.961113
51.705326 33.515793 36.961113
51.673641 33.484112 36.961113
50.881557 32.945492 36.961113
50.754822 32.850441 36.961113
50.723141 32.787075 36.961113
50.723141 32.628658 36.961113
50.754822 32.533607 36.961113
50.754822 32.501926 36.961113
50.723141 32.406876 36.961113
50.723141 29.206852 36.961113
50.723141 24.581076 36.961113
50.754822 24.486025 36.961113
50.754822 24.454342 36.961113
50.723141 24.359291 36.961113
50.723141 24.200874 36.961113
50.754822 24.137506 36.961113
50.976608 24.042458 36.961113
51.071655 24.042458 36.961113
51.103340 24.042458 36.961113
51.135025 24.010773 36.961113
51.198391 23.979090 36.961113
51.230076 23.947407 36.961113
51.261757 23.884041 36.961113
51.610275 23.535522 36.961113
51.673641 23.503839 36.961113
51.705326 23.472157 36.961113
51.737007 23.408789 36.961113
51.768692 23.377106 36.961113
51.800377 23.345423 36.961113
51.800377 22.933538 36.961113
51.800377 22.648388 36.961113
51.800377 22.458286 36.961113
51.768692 22.363237 36.961113
51.705326 22.268187 36.961113
51.293442 21.887985 36.961113
51.261757 21.856302 36.961113
51.230076 21.792936 36.961113
51.166706 21.761251 36.961113
51.135025 21.729568 36.961113
51.039974 21.697886 36.961113
50.913239 21.697886 36.961113
50.596405 21.697886 36.961113
50.121155 21.729568 36.961113
50.026104 21.824619 36.961113
49.455803 22.521654 36.961113
49.360752 22.775122 36.961113
48.917187 22.775122 36.961113
48.822136 22.806805 36.961113
44.386459 22.806805 36.961113
44.291409 22.775122 36.961113
43.847843 22.775122 36.961113
43.721107 22.680071 36.961113
43.721107 22.648388 36.961113
43.214172 21.887985 36.961113
43.182491 21.824619 36.961113
43.119125 21.792936 36.961113
43.087440 21.729568 36.961113
42.707241 21.729568 36.961113
42.612190 21.697886 36.961113
42.390404 21.697886 36.961113
42.168621 21.697886 36.961113
42.073570 21.729568 36.961113
41.978519 21.792936 36.961113
41.566635 22.236504 36.961113
41.503269 22.268187 36.961113
41.439903 22.363237 36.961113
41.408218 22.394920 36.961113
EXTRUSION
END POLYGON
BEGIN POLYGON
HEIGHT
36.961113 41.164528
TYPE
0
POINTS
57.440022 22.394920 36.961113
57.440022 22.585020 36.961113
57.440022 22.901855 36.961113
57.440022 23.345423 36.961113
57.471703 23.377106 36.961113
57.535072 23.472157 36.961113
58.358841 24.042458 36.961113
58.485573 24.137506 36.961113
58.517258 24.264240 36.961113
58.485573 24.454342 36.961113
58.517258 24.390974 36.961113
58.485573 24.454342 36.961113
58.485573 24.486025 36.961113
58.517258 32.343506 36.961113
58.485573 32.501926 36.961113
58.517258 32.628658 36.961113
58.517258 32.692024 36.961113
58.485573 32.850441 36.961113
58.263790 32.945492 36.961113
58.168739 32.945492 36.961113
58.137054 32.945492 36.961113
58.042004 33.008858 36.961113
57.883587 33.167274 36.961113
57.661804 33.389061 36.961113
57.535072 33.515793 36.961113
57.566753 33.484112 36.961113
57.535072 33.515793 36.961113
57.471703 33.610844 36.961113
57.440022 33.642529 36.961113
57.440022 33.959362 36.961113
57.440022 34.339561 36.961113
57.440022 34.593029 36.961113
57.503387 34.656395 36.961113
57.535072 34.719761 36.961113
57.946957 35.099964 36.961113
58.010323 35.195015 36.961113
58.105373 35.258381 36.961113
58.200420 35.290066 36.961113
58.327156 35.290066 36.961113
58.643990 35.290066 36.961113
59.119240 35.258381 36.961113
59.150925 35.195015 36.961113
59.214291 35.163330 36.961113
59.752911 34.371246 36.961113
59.816277 34.212830 36.961113
60.323212 34.212830 36.961113
60.386578 34.181145 36.961113
64.790573 34.181145 36.961113
64.948990 34.212830 36.961113
65.360870 34.212830 36.961113
65.962852 35.068279 36.961113
66.057907 35.163330 36.961113
66.152954 35.258381 36.961113
66.469788 35.258381 36.961113
66.628204 35.290066 36.961113
66.849991 35.290066 36.961113
67.071777 35.290066 36.961113
67.135139 35.258381 36.961113
67.166824 35.258381 36.961113
67.198509 35.226696 36.961113
67.261871 35.195015 36.961113
67.293556 35.131645 36.961113
67.673759 34.751446 36.961113
67.737129 34.719761 36.961113
67.768806 34.656395 36.961113
67.800491 34.624714 36.961113
67.832176 34.593029 36.961113
67.832176 34.371246 36.961113
67.832176 34.086094 36.961113
67.832176 33.705894 36.961113
67.800491 33.610844 36.961113
67.737129 33.515793 36.961113
67.705444 33.484112 36.961113
66.913361 32.945492 36.961113
66.786621 32.850441 36.961113
66.754944 32.787075 36.961113
66.754944 32.628658 36.961113
66.786621 32.533607 36.961113
66.786621 32.501926 36.961113
66.754944 32.406876 36.961113
66.754944 31.868258 36.961113
66.786621 31.773207 36.961113
66.786621 31.646473 36.961113
66.754944 29.206852 36.961113
66.786621 29.143484 36.961113
66.786621 27.844465 36.961113
66.754944 27.781097 36.961113
66.754944 24.581076 36.961113
66.786621 24.486025 36.961113
66.786621 24.454342 36.961113
66.754944 24.359291 36.961113
66.754944 24.200874 36.961113
66.786621 24.137506 36.961113
67.642075 23.535522 36.961113
67.705444 23.503839 36.961113
67.737129 23.472157 36.961113
67.768806 23.408789 36.961113
67.800491 23.377106 36.961113
67.832176 23.345423 36.961113
67.832176 22.933538 36.961113
67.832176 22.648388 36.961113
67.832176 22.458286 36.961113
67.800491 22.363237 36.961113
67.737129 22.268187 36.961113
67.325241 21.887985 36.961113
67.293556 21.856302 36.961113
67.261871 21.792936 36.961113
67.198509 21.761251 36.961113
67.166824 21.729568 36.961113
67.071777 21.697886 36.961113
66.945038 21.697886 36.961113
66.628204 21.697886 36.961113
66.152954 21.729568 36.961113
66.057907 21.824619 36.961113
65.487602 22.521654 36.961113
65.519287 22.648388 36.961113
65.392555 22.775122 36.961113
64.948990 22.775122 36.961113
64.853935 22.806805 36.961113
60.418259 22.806805 36.961113
60.323212 22.775122 36.961113
59.752911 22.648388 36.961113
59.245975 21.887985 36.961113
59.214291 21.824619 36.961113
59.150925 21.792936 36.961113
59.119240 21.729568 36.961113
58.739040 21.729568 36.961113
58.643990 21.697886 36.961113
58.422207 21.697886 36.961113
58.200420 21.697886 36.961113
58.105373 21.729568 36.961113
58.010323 21.792936 36.961113
57.598438 22.236504 36.961113
57.535072 22.268187 36.961113
57.471703 22.363237 36.961113
57.440022 22.394920 36.961113
EXTRUSION
END POLYGON
BEGIN POLYGON
HEIGHT
41.164528 43.457298
TYPE
0
POINTS
41.471588 22.394920 41.164528
41.471588 23.282055 41.164528
41.503269 23.345423 41.164528
41.566635 23.408789 41.164528
41.598320 23.440472 41.164528
41.978519 23.788990 41.164528
42.041889 23.852356 41.164528
42.073570 23.884041 41.164528
42.168621 23.947407 41.164528
43.024075 23.947407 41.164528
43.055756 23.915724 41.164528
43.087440 23.884041 41.164528
43.119125 23.852356 41.164528
43.150806 23.820673 41.164528
43.435959 23.535522 41.164528
43.531010 23.472157 41.164528
43.562691 23.408789 41.164528
43.594376 23.377106 41.164528
43.657742 23.313738 41.164528
43.657742 22.458286 41.164528
43.626057 22.363237 41.164528
43.594376 22.331553 41.164528
43.562691 22.299870 41.164528
43.245857 21.951353 41.164528
43.150806 21.887985 41.164528
43.119125 21.856302 41.164528
43.087440 21.824619 41.164528
43.055756 21.792936 41.164528
43.024075 21.761251 41.164528
42.105255 21.761251 41.164528
42.041889 21.792936 41.164528
41.978519 21.856302 41.164528
41.661686 22.141453 41.164528
41.598320 22.236504 41.164528
41.566635 22.268187 41.164528
41.503269 22.331553 41.164528
41.471588 22.426603 41.164528
41.471588 22.394920 41.164528
EXTRUSION
END POLYGON
BEGIN POLYGON
HEIGHT
41.164528 43.457298
TYPE
0
POINTS
41.471588 33.642529 41.164528
41.471588 34.529663 41.164528
41.503269 34.593029 41.164528
41.566635 34.656395 41.164528
41.598320 34.688080 41.164528
41.978519 35.036598 41.164528
42.041889 35.099964 41.164528
42.073570 35.131645 41.164528
42.168621 35.195015 41.164528
43.024075 35.195015 41.164528
43.055756 35.163330 41.164528
43.087440 35.131645 41.164528
43.119125 35.099964 41.164528
43.150806 35.068279 41.164528
43.182491 35.036598 41.164528
43.435959 34.783131 41.164528
43.531010 34.719761 41.164528
43.562691 34.656395 41.164528
43.594376 34.624714 41.164528
43.657742 34.561344 41.164528
43.657742 33.705894 41.164528
43.626057 33.610844 41.164528
43.594376 33.579159 41.164528
43.562691 33.547478 41.164528
43.531010 33.515793 41.164528
43.245857 33.198959 41.164528
43.150806 33.135593 41.164528
43.119125 33.103909 41.164528
43.087440 33.072227 41.164528
43.055756 33.040543 41.164528
43.024075 33.008858 41.164528
42.105255 33.008858 41.164528
42.041889 33.040543 41.164528
41.978519 33.103909 41.164528
41.661686 33.389061 41.164528
41.598320 33.484112 41.164528
41.566635 33.515793 41.164528
41.503269 33.579159 41.164528
41.471588 33.674210 41.164528
41.471588 33.642529 41.164528
EXTRUSION
END POLYGON
BEGIN POLYGON
HEIGHT
41.164528 43.457298
TYPE
0
POINTS
49.519169 22.426603 41.164528
49.550854 23.313738 41.164528
49.614220 23.377106 41.164528
49.645905 23.440472 41.164528
49.931053 23.725622 41.164528
49.994423 23.820673 41.164528
50.089470 23.884041 41.164528
50.121155 23.947407 41.164528
51.071655 23.947407 41.164528
51.103340 23.915724 41.164528
51.135025 23.884041 41.164528
51.166706 23.852356 41.164528
51.198391 23.820673 41.164528
51.546909 23.472157 41.164528
51.578590 23.440472 41.164528
51.610275 23.408789 41.164528
51.641960 23.377106 41.164528
51.673641 23.345423 41.164528
51.705326 23.313738 41.164528
51.705326 22.458286 41.164528
51.673641 22.363237 41.164528
51.641960 22.331553 41.164528
51.610275 22.299870 41.164528
51.230076 21.919668 41.164528
51.198391 21.887985 41.164528
51.166706 21.856302 41.164528
51.135025 21.824619 41.164528
51.103340 21.792936 41.164528
51.039974 21.761251 41.164528
50.152840 21.761251 41.164528
50.089470 21.856302 41.164528
49.994423 21.919668 41.164528
49.677586 22.236504 41.164528
49.582539 22.331553 41.164528
49.519169 22.489971 41.164528
49.519169 22.426603 41.164528
EXTRUSION
END POLYGON
BEGIN POLYGON
HEIGHT
41.164528 43.457298
TYPE
0
POINTS
49.519169 33.674210 41.164528
49.519169 34.212830 41.164528
49.550854 34.339561 41.164528
49.550854 34.561344 41.164528
49.614220 34.624714 41.164528
49.645905 34.688080 41.164528
49.931053 34.973228 41.164528
49.994423 35.068279 41.164528
50.089470 35.131645 41.164528
50.121155 35.195015 41.164528
51.071655 35.195015 41.164528
51.103340 35.163330 41.164528
51.135025 35.131645 41.164528
51.166706 35.099964 41.164528
51.198391 35.068279 41.164528
51.546909 34.719761 41.164528
51.578590 34.688080 41.164528
51.610275 34.656395 41.164528
51.641960 34.624714 41.164528
51.673641 34.593029 41.164528
51.705326 34.561344 41.164528
51.705326 33.705894 41.164528
51.673641 33.610844 41.164528
51.641960 33.579159 41.164528
51.610275 33.547478 41.164528
51.578590 33.515793 41.164528
51.230076 33.167274 41.164528
51.198391 33.135593 41.164528
51.166706 33.103909 41.164528
51.135025 33.072227 41.164528
51.103340 33.040543 41.164528
51.039974 33.008858 41.164528
50.152840 33.008858 41.164528
50.089470 33.103909 41.164528
49.677586 33.484112 41.164528
49.582539 33.579159 41.164528
49.519169 33.737576 41.164528
49.519169 33.674210 41.164528
EXTRUSION
END POLYGON
BEGIN POLYGON
HEIGHT
41.164528 43.457298
TYPE
0
POINTS
57.503387 22.426603 41.164528
57.503387 23.313738 41.164528
57.566753 23.377106 41.164528
57.598438 23.440472 41.164528
57.915272 23.757307 41.164528
58.010323 23.820673 41.164528
58.073689 23.884041 41.164528
58.137054 23.947407 41.164528
59.055874 23.947407 41.164528
59.119240 23.884041 41.164528
59.150925 23.852356 41.164528
59.182606 23.820673 41.164528
59.214291 23.788990 41.164528
59.562809 23.472157 41.164528
59.594490 23.408789 41.164528
59.626175 23.377106 41.164528
59.689541 23.313738 41.164528
59.689541 23.282055 41.164528
59.721226 23.187006 41.164528
59.721226 22.394920 41.164528
59.689541 22.363237 41.164528
59.626175 22.331553 41.164528
59.245975 21.919668 41.164528
59.214291 21.887985 41.164528
59.182606 21.856302 41.164528
59.150925 21.824619 41.164528
59.119240 21.792936 41.164528
59.087559 21.761251 41.164528
58.137054 21.761251 41.164528
58.073689 21.824619 41.164528
57.725170 22.173136 41.164528
57.661804 22.268187 41.164528
57.598438 22.331553 41.164528
57.535072 22.394920 41.164528
57.503387 22.426603 41.164528
EXTRUSION
END POLYGON
BEGIN POLYGON
HEIGHT
41.164528 43.457298
TYPE
0
POINTS
57.503387 33.674210 41.164528
57.503387 34.561344 41.164528
57.566753 34.624714 41.164528
57.598438 34.688080 41.164528
57.915272 35.004913 41.164528
58.010323 35.068279 41.164528
58.073689 35.131645 41.164528
58.137054 35.195015 41.164528
59.055874 35.195015 41.164528
59.119240 35.131645 41.164528
59.150925 35.099964 41.164528
59.182606 35.068279 41.164528
59.562809 34.719761 41.164528
59.594490 34.656395 41.164528
59.626175 34.624714 41.164528
59.689541 34.561344 41.164528
59.689541 34.529663 41.164528
59.721226 34.434612 41.164528
59.721226 33.642529 41.164528
59.689541 33.610844 41.164528
59.626175 33.579159 41.164528
59.245975 33.167274 41.164528
59.214291 33.135593 41.164528
59.182606 33.103909 41.164528
59.150925 33.072227 41.164528
59.119240 33.040543 41.164528
59.087559 33.008858 41.164528
58.137054 33.008858 41.164528
58.073689 33.072227 41.164528
57.661804 33.515793 41.164528
57.598438 33.579159 41.164528
57.535072 33.642529 41.164528
57.503387 33.674210 41.164528
EXTRUSION
END POLYGON
BEGIN POLYGON
HEIGHT
41.164528 43.457298
TYPE
0
POINTS
65.582657 22.394920 41.164528
65.582657 23.282055 41.164528
65.614334 23.345423 41.164528
65.677704 23.408789 41.164528
65.709389 23.472157 41.164528
65.962852 23.725622 41.164528
66.089592 23.852356 41.164528
66.184639 23.947407 41.164528
67.071777 23.947407 41.164528
67.103455 23.915724 41.164528
67.166824 23.884041 41.164528
67.198509 23.852356 41.164528
67.230194 23.820673 41.164528
67.610390 23.472157 41.164528
67.642075 23.440472 41.164528
67.673759 23.408789 41.164528
67.705444 23.377106 41.164528
67.768806 23.313738 41.164528
67.768806 22.458286 41.164528
67.705444 22.363237 41.164528
67.673759 22.331553 41.164528
67.293556 21.951353 41.164528
67.261871 21.919668 41.164528
67.230194 21.887985 41.164528
67.198509 21.856302 41.164528
67.166824 21.824619 41.164528
67.103455 21.792936 41.164528
66.216324 21.792936 41.164528
66.152954 21.856302 41.164528
66.089592 21.887985 41.164528
66.057907 21.919668 41.164528
65.772758 22.204821 41.164528
65.709389 22.268187 41.164528
65.646019 22.331553 41.164528
65.582657 22.426603 41.164528
65.582657 22.394920 41.164528
EXTRUSION
END POLYGON
BEGIN POLYGON
HEIGHT
41.164528 43.457298
TYPE
0
POINTS
65.582657 33.642529 41.164528
65.582657 34.529663 41.164528
65.614334 34.593029 41.164528
65.677704 34.656395 41.164528
65.709389 34.719761 41.164528
65.962852 34.973228 41.164528
66.089592 35.099964 41.164528
66.184639 35.195015 41.164528
67.071777 35.195015 41.164528
67.103455 35.163330 41.164528
67.166824 35.131645 41.164528
67.198509 35.099964 41.164528
67.230194 35.068279 41.164528
67.610390 34.719761 41.164528
67.642075 34.688080 41.164528
67.673759 34.656395 41.164528
67.705444 34.624714 41.164528
67.768806 34.561344 41.164528
67.768806 33.705894 41.164528
67.705444 33.610844 41.164528
67.673759 33.579159 41.164528
67.642075 33.547478 41.164528
67.293556 33.198959 41.164528
67.261871 33.167274 41.164528
67.230194 33.135593 41.164528
67.198509 33.103909 41.164528
67.166824 33.072227 41.164528
67.103455 33.040543 41.164528
66.216324 33.040543 41.164528
66.152954 33.103909 41.164528
66.089592 33.135593 41.164528
66.057907 33.167274 41.164528
65.772758 33.452427 41.164528
65.709389 33.515793 41.164528
65.646019 33.579159 41.164528
65.582657 33.674210 41.164528
65.582657 33.642529 41.164528
EXTRUSION
END POLYGON
BEGIN POLYGON
HEIGHT
23.943819 23.459648
TYPE
0
POINTS
26.828831 23.165724 23.182638
31.382526 23.047445 23.182638
31.440908 23.045929 23.124218
31.440908 23.045929 19.677431
26.887211 23.164207 19.677431
26.828831 23.165724 19.735851
26.828831 23.165724 23.182638
EXTRUSION
END POLYGON
BEGIN POLYGON
HEIGHT
23.943819 23.459648
TYPE
0
POINTS
35.761082 22.933716 23.182638
40.431541 22.812405 23.182638
40.431541 22.812405 19.677431
35.761082 22.933716 19.677431
35.761082 22.933716 23.182638
EXTRUSION
END POLYGON
BEGIN POLYGON
HEIGHT
23.943819 23.459648
TYPE
0
POINTS
68.856201 23.233242 23.182638
73.412880 23.253054 23.182638
73.471306 23.253307 23.124218
73.471306 23.253307 19.677431
68.914619 23.233496 19.677431
68.856201 23.233242 19.735851
68.856201 23.233242 23.182638
EXTRUSION
END POLYGON
BEGIN POLYGON
HEIGHT
23.943819 23.459648
TYPE
0
POINTS
77.794312 23.272102 23.182638
82.467827 23.292421 23.182638
82.467827 23.292421 19.677431
77.794312 23.272102 19.677431
77.794312 23.272102 23.182638
EXTRUSION
END POLYGON
BEGIN POLYGON
HEIGHT
23.943819 23.459648
TYPE
0
POINTS
33.017189 23.004986 20.962673
34.184803 22.974659 20.962673
34.184803 22.974659 17.866405
33.017189 23.004986 17.866405
33.017189 23.004986 20.962673
EXTRUSION
END POLYGON
BEGIN POLYGON
HEIGHT
23.943819 23.459648
TYPE
0
POINTS
75.048615 23.260164 20.962673
76.216995 23.265245 20.962673
76.216995 23.265245 17.866405
75.048615 23.260164 17.866405
75.048615 23.260164 20.962673
EXTRUSION
END POLYGON
BEGIN POLYGON
HEIGHT
23.943819 23.459648
TYPE
0
POINTS
35.761082 22.933716 18.450607
40.431541 22.812405 18.450607
40.431541 22.812405 14.945400
35.761082 22.933716 14.945400
35.761082 22.933716 18.450607
EXTRUSION
END POLYGON
BEGIN POLYGON
HEIGHT
23.943819 23.459648
TYPE
0
POINTS
77.794312 23.272102 18.450607
82.467827 23.292421 18.450607
82.467827 23.292421 14.945400
77.794312 23.272102 14.945400
77.794312 23.272102 18.450607
EXTRUSION
END POLYGON
BEGIN POLYGON
HEIGHT
23.943819 23.459648
TYPE
0
POINTS
26.828831 23.165724 18.392187
31.382526 23.047445 18.392187
31.440908 23.045929 18.333767
31.440908 23.045929 15.003820
31.382526 23.047445 14.945400
26.828831 23.165724 14.945400
26.828831 23.165724 18.392187
EXTRUSION
END POLYGON
BEGIN POLYGON
HEIGHT
23.943819 23.459648
TYPE
0
POINTS
68.856201 23.233242 18.392187
73.412880 23.253054 18.392187
73.471306 23.253307 18.333767
73.471306 23.253307 15.003820
73.412880 23.253054 14.945400
68.856201 23.233242 14.945400
68.856201 23.233242 18.392187
EXTRUSION
END POLYGON
BEGIN POLYGON
HEIGHT
23.943819 23.459648
TYPE
0
POINTS
33.017189 23.004986 16.172222
34.184803 22.974659 16.172222
34.184803 22.974659 13.192797
34.126419 22.976175 13.134377
33.075569 23.003469 13.134377
33.017189 23.004986 13.192797
33.017189 23.004986 16.172222
EXTRUSION
END POLYGON
BEGIN POLYGON
HEIGHT
23.943819 23.459648
TYPE
0
POINTS
75.048615 23.260164 16.172222
76.216995 23.265245 16.172222
76.216995 23.265245 13.192797
76.158577 23.264992 13.134377
75.107033 23.260420 13.134377
75.048615 23.260164 13.192797
75.048615 23.260164 16.172222
EXTRUSION
END POLYGON
BEGIN POLYGON
HEIGHT
23.943819 23.459648
TYPE
0
POINTS
35.761082 22.933716 13.718577
40.431541 22.812405 13.718577
40.431541 22.812405 10.213370
35.761082 22.933716 10.213370
35.761082 22.933716 13.718577
EXTRUSION
END POLYGON
BEGIN POLYGON
HEIGHT
23.943819 23.459648
TYPE
0
POINTS
77.794312 23.272102 13.718577
82.467827 23.292421 13.718577
82.467827 23.292421 10.213370
77.794312 23.272102 10.213370
77.794312 23.272102 13.718577
EXTRUSION
END POLYGON
BEGIN POLYGON
HEIGHT
23.943819 23.459648
TYPE
0
POINTS
26.828831 23.165724 13.660157
31.499289 23.044413 13.660157
31.499289 23.044413 10.213370
26.828831 23.165724 10.213370
26.828831 23.165724 13.660157
EXTRUSION
END POLYGON
BEGIN POLYGON
HEIGHT
23.943819 23.459648
TYPE
0
POINTS
68.856201 23.233242 13.660157
73.529716 23.253561 13.660157
73.529716 23.253561 10.213370
68.856201 23.233242 10.213370
68.856201 23.233242 13.660157
EXTRUSION
END POLYGON
BEGIN POLYGON
HEIGHT
23.943819 23.459648
TYPE
0
POINTS
33.017189 23.004986 11.440193
34.184803 22.974659 11.440193
34.184803 22.974659 8.343926
33.017189 23.004986 8.343926
33.017189 23.004986 11.440193
EXTRUSION
END POLYGON
BEGIN POLYGON
HEIGHT
23.943819 23.459648
TYPE
0
POINTS
75.048615 23.260164 11.440193
76.216995 23.265245 11.440193
76.216995 23.265245 8.343926
75.048615 23.260164 8.343926
75.048615 23.260164 11.440193
EXTRUSION
END POLYGON
BEGIN POLYGON
HEIGHT
23.943819 23.459648
TYPE
0
POINTS
26.828831 23.165724 8.928127
31.499289 23.044413 8.928127
31.499289 23.044413 5.598181
26.828831 23.165724 5.598181
26.828831 23.165724 8.928127
EXTRUSION
END POLYGON
BEGIN POLYGON
HEIGHT
23.943819 23.459648
TYPE
0
POINTS
35.761082 22.933716 8.928127
40.431541 22.812405 8.928127
40.431541 22.812405 5.598181
35.761082 22.933716 5.598181
35.761082 22.933716 8.928127
EXTRUSION
END POLYGON
BEGIN POLYGON
HEIGHT
23.943819 23.459648
TYPE
0
POINTS
68.856201 23.233242 8.928127
73.529716 23.253561 8.928127
73.529716 23.253561 5.598181
68.856201 23.233242 5.598181
68.856201 23.233242 8.928127
EXTRUSION
END POLYGON
BEGIN POLYGON
HEIGHT
23.943819 23.459648
TYPE
0
POINTS
77.794312 23.272102 8.928127
82.467827 23.292421 8.928127
82.467827 23.292421 5.598181
77.794312 23.272102 5.598181
77.794312 23.272102 8.928127
EXTRUSION
END POLYGON
BEGIN POLYGON
HEIGHT
23.943819 23.459648
TYPE
0
POINTS
33.082047 23.114672 4.955559
34.133114 23.091921 4.955559
34.191509 23.090658 4.897139
34.191509 23.090658 3.202956
33.140438 23.113407 3.202956
33.082047 23.114672 3.261376
33.082047 23.114672 4.955559
EXTRUSION
END POLYGON
BEGIN POLYGON
HEIGHT
23.943819 23.459648
TYPE
0
POINTS
75.104065 23.229475 4.955559
76.155624 23.229475 4.955559
76.214043 23.229475 4.897139
76.214043 23.229475 3.202956
75.162483 23.229475 3.202956
75.104065 23.229475 3.261376
75.104065 23.229475 4.955559
EXTRUSION
END POLYGON
BEGIN POLYGON
HEIGHT
23.943819 23.459648
TYPE
0
POINTS
28.760983 23.208200 4.020837
29.812052 23.185452 4.020837
29.987230 23.181660 3.962417
30.162409 23.177868 3.962417
30.337587 23.174076 3.903997
30.512766 23.170284 3.903997
31.038301 23.158909 3.728737
31.388657 23.151325 3.553476
31.622227 23.146269 3.319796
31.622227 23.146269 3.144536
31.680620 23.145006 3.027695
31.680620 23.145006 0.807731
26.950808 23.247383 0.807731
26.892414 23.248646 0.866151
26.892414 23.248646 2.969275
26.950808 23.247383 3.202956
26.950808 23.247383 3.319796
27.184378 23.242327 3.553476
27.651520 23.232216 3.787157
27.885090 23.227160 3.845577
28.060268 23.223368 3.903997
28.235447 23.219576 3.903997
28.352232 23.217049 3.962417
28.527411 23.213257 3.962417
28.760983 23.208200 4.020837
EXTRUSION
END POLYGON
BEGIN POLYGON
HEIGHT
23.943819 23.459648
TYPE
0
POINTS
37.578289 23.017351 4.020837
38.629360 22.994600 4.020837
38.804539 22.990808 3.962417
38.979717 22.987017 3.962417
39.154896 22.983225 3.903997
39.330074 22.979433 3.903997
39.855606 22.968058 3.728737
40.205963 22.960474 3.553476
40.439537 22.955420 3.319796
40.439537 22.955420 3.144536
40.497929 22.954155 3.027695
40.497929 22.954155 0.807731
35.768112 23.056532 0.807731
35.709724 23.057796 0.866151
35.709724 23.057796 2.969275
35.768112 23.056532 3.202956
35.768112 23.056532 3.319796
36.001686 23.051477 3.553476
36.468826 23.041365 3.787157
36.702400 23.036310 3.845577
36.877575 23.032518 3.903997
37.052757 23.028727 3.903997
37.169540 23.026197 3.962417
37.344719 23.022408 3.962417
37.578289 23.017351 4.020837
EXTRUSION
END POLYGON
BEGIN POLYGON
HEIGHT
23.943819 23.459648
TYPE
0
POINTS
70.780975 23.229475 4.020837
71.832535 23.229475 4.020837
72.007797 23.229475 3.962417
72.183052 23.229475 3.962417
72.358315 23.229475 3.903997
72.533577 23.229475 3.903997
73.059357 23.229475 3.728737
73.409874 23.229475 3.553476
73.643555 23.229475 3.319796
73.643555 23.229475 3.144536
73.701981 23.229475 3.027695
73.701981 23.229475 0.807731
68.969948 23.229475 0.807731
68.911530 23.229475 0.866151
68.911530 23.229475 2.969275
68.969948 23.229475 3.202956
68.969948 23.229475 3.319796
69.203629 23.229475 3.553476
69.670990 23.229475 3.787157
69.904671 23.229475 3.845577
70.079933 23.229475 3.903997
70.255188 23.229475 3.903997
70.372032 23.229475 3.962417
70.547295 23.229475 3.962417
70.780975 23.229475 4.020837
EXTRUSION
END POLYGON
BEGIN POLYGON
HEIGHT
23.943819 23.459648
TYPE
0
POINTS
79.602409 23.229475 4.020837
80.653976 23.229475 4.020837
80.829231 23.229475 3.962417
81.004494 23.229475 3.962417
81.179756 23.229475 3.903997
81.355011 23.229475 3.903997
81.880798 23.229475 3.728737
82.231316 23.229475 3.553476
82.464996 23.229475 3.319796
82.464996 23.229475 3.144536
82.523415 23.229475 3.027695
82.523415 23.229475 0.807731
77.791389 23.229475 0.807731
77.732964 23.229475 0.866151
77.732964 23.229475 2.969275
77.791389 23.229475 3.202956
77.791389 23.229475 3.319796
78.025070 23.229475 3.553476
78.492432 23.229475 3.787157
78.726112 23.229475 3.845577
78.901367 23.229475 3.903997
79.076630 23.229475 3.903997
79.193466 23.229475 3.962417
79.368729 23.229475 3.962417
79.602409 23.229475 4.020837
EXTRUSION
END POLYGON
BEGIN POLYGON
HEIGHT
23.459648 23.019493
TYPE
0
POINTS
44.158291 22.853378 23.241058
48.810081 22.534763 23.241058
48.810081 22.534763 19.735851
44.158291 22.853378 19.735851
44.158291 22.853378 23.241058
EXTRUSION
END POLYGON
BEGIN POLYGON
HEIGHT
23.459648 23.019493
TYPE
0
POINTS
60.276928 22.775761 23.241058
64.928719 22.457146 23.241058
64.928719 22.457146 19.735851
60.276928 22.775761 19.735851
60.276928 22.775761 23.241058
EXTRUSION
END POLYGON
BEGIN POLYGON
HEIGHT
23.459648 23.019493
TYPE
0
POINTS
44.158291 22.853378 18.509027
48.810081 22.534763 18.509027
48.810081 22.534763 15.003820
44.158291 22.853378 15.003820
44.158291 22.853378 18.509027
EXTRUSION
END POLYGON
BEGIN POLYGON
HEIGHT
23.459648 23.019493
TYPE
0
POINTS
60.276928 22.775761 18.509027
64.928719 22.457146 18.509027
64.928719 22.457146 15.003820
60.276928 22.775761 15.003820
60.276928 22.775761 18.509027
EXTRUSION
END POLYGON
BEGIN POLYGON
HEIGHT
23.459648 23.019493
TYPE
0
POINTS
44.158291 22.853378 13.776998
48.810081 22.534763 13.776998
48.810081 22.534763 10.271791
44.158291 22.853378 10.271791
44.158291 22.853378 13.776998
EXTRUSION
END POLYGON
BEGIN POLYGON
HEIGHT
23.459648 23.019493
TYPE
0
POINTS
60.276928 22.775761 13.776998
64.928719 22.457146 13.776998
64.928719 22.457146 10.271791
60.276928 22.775761 10.271791
60.276928 22.775761 13.776998
EXTRUSION
END POLYGON
BEGIN POLYGON
HEIGHT
23.459648 23.019493
TYPE
0
POINTS
44.158291 22.853378 8.986547
48.810081 22.534763 8.986547
48.810081 22.534763 5.656601
44.158291 22.853378 5.656601
44.158291 22.853378 8.986547
EXTRUSION
END POLYGON
BEGIN POLYGON
HEIGHT
23.459648 23.019493
TYPE
0
POINTS
60.276928 22.775761 8.986547
64.928719 22.457146 8.986547
64.928719 22.457146 5.656601
60.276928 22.775761 5.656601
60.276928 22.775761 8.986547
EXTRUSION
END POLYGON
BEGIN POLYGON
HEIGHT
23.459648 23.019493
TYPE
0
POINTS
45.987774 22.583151 4.079257
47.038612 22.555496 4.079257
47.213749 22.550888 4.020837
47.388885 22.546278 4.020837
47.564026 22.541670 3.962417
47.739166 22.537062 3.962417
48.264584 22.523233 3.787157
48.614864 22.514017 3.611897
48.848381 22.507872 3.378216
48.848381 22.507872 3.202956
48.906761 22.506334 3.086115
48.906761 22.506334 0.866151
44.178005 22.630775 0.866151
44.119625 22.632311 0.924571
44.119625 22.632311 3.027695
44.178005 22.630775 3.261376
44.178005 22.630775 3.378216
44.411526 22.624630 3.611897
44.878563 22.612339 3.845577
45.112080 22.606194 3.903997
45.287220 22.601585 3.962417
45.462357 22.596977 3.962417
45.579117 22.593904 4.020837
45.754257 22.589294 4.020837
45.987774 22.583151 4.079257
EXTRUSION
END POLYGON
BEGIN POLYGON
HEIGHT
23.459648 23.019493
TYPE
0
POINTS
62.102367 22.627384 4.079257
63.152336 22.586477 4.079257
63.327332 22.579659 4.020837
63.502327 22.572842 4.020837
63.677322 22.566023 3.962417
63.852314 22.559204 3.962417
64.377296 22.538752 3.787157
64.727295 22.525114 3.611897
64.960617 22.516024 3.378216
64.960617 22.516024 3.202956
65.018951 22.513752 3.086115
65.018951 22.513752 0.866151
60.294086 22.697836 0.866151
60.235760 22.700109 0.924571
60.235760 22.700109 3.027695
60.294086 22.697836 3.261376
60.294086 22.697836 3.378216
60.527412 22.688745 3.611897
60.994068 22.670565 3.845577
61.227394 22.661474 3.903997
61.402390 22.654655 3.962417
61.577385 22.647839 3.962417
61.694046 22.643293 4.020837
61.869045 22.636475 4.020837
62.102367 22.627384 4.079257
EXTRUSION
END POLYGON
BEGIN POLYGON
HEIGHT
21.434931 20.994774
TYPE
0
POINTS
53.056950 20.812824 23.241058
56.143059 20.989897 23.241058
56.143059 20.989897 19.911110
53.056950 20.812824 19.911110
53.056950 20.812824 23.241058
EXTRUSION
END POLYGON
BEGIN POLYGON
HEIGHT
21.434931 20.994774
TYPE
0
POINTS
53.056950 20.812824 18.392187
56.143059 20.989897 18.392187
56.143059 20.989897 15.120661
53.056950 20.812824 15.120661
53.056950 20.812824 18.392187
EXTRUSION
END POLYGON
BEGIN POLYGON
HEIGHT
21.434931 20.994774
TYPE
0
POINTS
53.056950 20.812824 13.601737
56.143059 20.989897 13.601737
56.143059 20.989897 10.447051
56.084827 20.986555 10.388631
53.115177 20.816166 10.388631
53.056950 20.812824 10.447051
53.056950 20.812824 13.601737
EXTRUSION
END POLYGON
BEGIN POLYGON
HEIGHT
21.434931 20.994774
TYPE
0
POINTS
53.056950 20.812824 8.811288
56.143059 20.989897 8.811288
56.143059 20.989897 6.532903
53.056950 20.812824 6.532903
53.056950 20.812824 8.811288
EXTRUSION
END POLYGON
BEGIN POLYGON
HEIGHT
21.192844 20.752689
TYPE
0
POINTS
50.803879 20.877161 4.254518
52.322701 20.889610 4.254518
52.322701 20.889610 0.749311
50.803879 20.877161 0.749311
50.803879 20.877161 4.254518
EXTRUSION
END POLYGON
BEGIN POLYGON
HEIGHT
21.192844 20.752689
TYPE
0
POINTS
52.790028 20.893440 4.254518
56.587078 20.924562 4.254518
56.587078 20.924562 -1.295394
52.790028 20.893440 -1.295394
52.790028 20.893440 4.254518
EXTRUSION
END POLYGON
BEGIN POLYGON
HEIGHT
21.192844 20.752689
TYPE
0
POINTS
56.995995 20.927914 4.254518
58.514816 20.940363 4.254518
58.514816 20.940363 0.807731
56.995995 20.927914 0.807731
56.995995 20.927914 4.254518
EXTRUSION
END POLYGON
BEGIN POLYGON
HEIGHT
24.635712 24.195629
TYPE
0
POINTS
24.006041 33.765362 23.281048
24.006041 30.825769 23.281048
24.006041 30.800646 23.255922
24.006041 30.800646 19.864088
24.006041 30.825769 19.838964
24.006041 33.765362 19.838964
24.006041 33.765362 23.281048
EXTRUSION
END POLYGON
BEGIN POLYGON
HEIGHT
24.635712 24.195629
TYPE
0
POINTS
24.006041 38.237556 23.255922
24.006041 36.428577 23.255922
24.006041 36.403454 23.230799
24.006041 36.403454 19.838964
24.006041 38.212433 19.838964
24.006041 38.237556 19.864088
24.006041 38.237556 23.255922
EXTRUSION
END POLYGON
BEGIN POLYGON
HEIGHT
24.635712 24.195629
TYPE
0
POINTS
24.006041 28.162552 23.180550
24.006041 26.353573 23.180550
24.006041 26.353573 19.788713
24.006041 28.162552 19.788713
24.006041 28.162552 23.180550
EXTRUSION
END POLYGON
BEGIN POLYGON
HEIGHT
24.635712 24.195629
TYPE
0
POINTS
24.006041 38.237556 18.482229
24.006041 36.428577 18.482229
24.006041 36.428577 15.090395
24.006041 38.237556 15.090395
24.006041 38.237556 18.482229
EXTRUSION
END POLYGON
BEGIN POLYGON
HEIGHT
24.635712 24.195629
TYPE
0
POINTS
24.006041 28.162552 18.431980
24.006041 26.378698 18.431980
24.006041 26.378698 15.040146
24.006041 28.162552 15.040146
24.006041 28.162552 18.431980
EXTRUSION
END POLYGON
BEGIN POLYGON
HEIGHT
24.635712 24.195629
TYPE
0
POINTS
24.006041 34.142231 18.230984
24.006041 34.066856 18.205858
24.006041 30.549398 18.205858
24.006041 30.549398 15.140644
24.006041 34.091980 15.140644
24.006041 34.117107 15.165770
24.006041 34.117107 16.823999
24.006041 34.142231 16.874249
24.006041 34.117107 16.974749
24.006041 34.117107 17.050121
24.006041 34.142231 17.100370
24.006041 34.142231 17.527491
24.006041 34.117107 17.627991
24.006041 34.117107 17.703363
24.006041 34.142231 17.803864
24.006041 34.117107 17.904362
24.006041 34.117107 18.130484
24.006041 34.142231 18.205858
24.006041 34.142231 18.230984
EXTRUSION
END POLYGON
BEGIN POLYGON
HEIGHT
24.635712 24.195629
TYPE
0
POINTS
24.006041 38.237556 13.733662
24.006041 36.453705 13.733662
24.006041 36.453705 10.341826
24.006041 38.237556 10.341826
24.006041 38.237556 13.733662
EXTRUSION
END POLYGON
BEGIN POLYGON
HEIGHT
24.635712 24.195629
TYPE
0
POINTS
24.006041 28.187677 13.658287
24.006041 26.378698 13.658287
24.006041 26.378698 10.291577
24.006041 28.187677 10.291577
24.006041 28.187677 13.658287
EXTRUSION
END POLYGON
BEGIN POLYGON
HEIGHT
24.635712 24.195629
TYPE
0
POINTS
24.006041 34.091980 13.432165
24.006041 30.574524 13.432165
24.006041 30.574524 10.366951
24.006041 34.091980 10.366951
24.006041 34.091980 13.432165
EXTRUSION
END POLYGON
BEGIN POLYGON
HEIGHT
24.635712 24.195629
TYPE
0
POINTS
24.006041 38.237556 8.985093
24.006041 36.503952 8.985093
24.006041 36.478828 8.959968
24.006041 36.478828 5.643507
24.006041 36.503952 5.618382
24.006041 38.237556 5.618382
24.006041 38.237556 8.985093
EXTRUSION
END POLYGON
BEGIN POLYGON
HEIGHT
24.635712 24.195629
TYPE
0
POINTS
24.006041 28.011805 8.909719
24.006041 27.936430 8.884594
24.006041 26.428947 8.884594
24.006041 26.403822 8.859469
24.006041 26.403822 5.568133
24.006041 28.212801 5.568133
24.006041 28.212801 8.884594
24.006041 28.062054 8.884594
24.006041 28.011805 8.909719
EXTRUSION
END POLYGON
BEGIN POLYGON
HEIGHT
24.635712 24.195629
TYPE
0
POINTS
24.006041 34.117107 8.633347
24.006041 30.574524 8.633347
24.006041 30.574524 5.618382
24.006041 34.117107 5.618382
24.006041 34.117107 8.633347
EXTRUSION
END POLYGON
BEGIN POLYGON
HEIGHT
24.635712 24.195629
TYPE
0
POINTS
24.006041 32.408627 3.156162
24.006041 32.232754 3.156162
24.006041 32.157379 3.131037
24.006041 32.082005 3.080788
24.006041 31.981506 3.055663
24.006041 31.906132 3.030538
24.006041 31.805634 2.980289
24.006041 31.730259 2.955164
24.006041 31.654886 2.904915
24.006041 31.504137 2.829541
24.006041 31.428762 2.754167
24.006041 31.278015 2.678793
24.006041 31.227766 2.603419
24.006041 31.152391 2.553169
24.006041 31.102142 2.477795
24.006041 31.001642 2.276797
24.006041 30.951393 2.201423
24.006041 30.926270 2.151174
24.006041 30.926270 -0.562294
24.006041 33.765362 -0.562294
24.006041 33.765362 -0.336172
24.006041 33.790485 -0.285922
24.006041 33.765362 -0.185423
24.006041 33.765362 0.794440
24.006041 33.790485 0.869814
24.006041 33.765362 0.970313
24.006041 33.765362 2.025550
24.006041 33.740234 2.100924
24.006041 33.740234 2.176299
24.006041 33.715111 2.276797
24.006041 33.715111 2.327047
24.006041 33.664860 2.402421
24.006041 33.614613 2.452670
24.006041 33.589489 2.528044
24.006041 33.514114 2.578294
24.006041 33.363365 2.729042
24.006041 33.287991 2.779291
24.006041 33.187492 2.829541
24.006041 33.112118 2.879790
24.006041 33.061871 2.904915
24.006041 32.986496 2.955164
24.006041 32.835747 3.030538
24.006041 32.735249 3.055663
24.006041 32.634750 3.105912
24.006041 32.559376 3.105912
24.006041 32.408627 3.156162
EXTRUSION
END POLYGON
BEGIN POLYGON
HEIGHT
85.115692 84.549873
TYPE
0
POINTS
85.229652 33.865860 23.381546
85.229652 30.926270 23.381546
85.229652 30.901144 23.356422
85.229652 30.901144 19.964588
85.229652 30.926270 19.939463
85.229652 33.865860 19.939463
85.229652 33.865860 23.381546
EXTRUSION
END POLYGON
BEGIN POLYGON
HEIGHT
85.115692 84.549873
TYPE
0
POINTS
85.229652 38.338055 23.356422
85.229652 36.529076 23.356422
85.229652 36.503952 23.331297
85.229652 36.503952 19.939463
85.229652 38.312931 19.939463
85.229652 38.338055 19.964588
85.229652 38.338055 23.356422
EXTRUSION
END POLYGON
BEGIN POLYGON
HEIGHT
85.115692 84.549873
TYPE
0
POINTS
85.229652 28.263050 23.281048
85.229652 26.454073 23.281048
85.229652 26.454073 19.889214
85.229652 28.263050 19.889214
85.229652 28.263050 23.281048
EXTRUSION
END POLYGON
BEGIN POLYGON
HEIGHT
85.115692 84.549873
TYPE
0
POINTS
85.229652 38.338055 18.582729
85.229652 36.529076 18.582729
85.229652 36.529076 15.190894
85.229652 38.338055 15.190894
85.229652 38.338055 18.582729
EXTRUSION
END POLYGON
BEGIN POLYGON
HEIGHT
85.115692 84.549873
TYPE
0
POINTS
85.229652 28.263050 18.532478
85.229652 26.479197 18.532478
85.229652 26.479197 15.140644
85.229652 28.263050 15.140644
85.229652 28.263050 18.532478
EXTRUSION
END POLYGON
BEGIN POLYGON
HEIGHT
85.115692 84.549873
TYPE
0
POINTS
85.229652 34.242729 18.331482
85.229652 34.167355 18.306356
85.229652 30.649897 18.306356
85.229652 30.649897 15.241143
85.229652 34.192482 15.241143
85.229652 34.217606 15.266268
85.229652 34.217606 16.924498
85.229652 34.242729 16.974749
85.229652 34.217606 17.075247
85.229652 34.217606 17.150621
85.229652 34.242729 17.200871
85.229652 34.242729 17.627991
85.229652 34.217606 17.728489
85.229652 34.217606 17.803864
85.229652 34.242729 17.904362
85.229652 34.217606 18.004860
85.229652 34.217606 18.230984
85.229652 34.242729 18.306356
85.229652 34.242729 18.331482
EXTRUSION
END POLYGON
BEGIN POLYGON
HEIGHT
85.115692 84.549873
TYPE
0
POINTS
85.229652 38.338055 13.834160
85.229652 36.554203 13.834160
85.229652 36.554203 10.442326
85.229652 38.338055 10.442326
85.229652 38.338055 13.834160
EXTRUSION
END POLYGON
BEGIN POLYGON
HEIGHT
85.115692 84.549873
TYPE
0
POINTS
85.229652 28.288176 13.758786
85.229652 26.479197 13.758786
85.229652 26.479197 10.392076
85.229652 28.288176 10.392076
85.229652 28.288176 13.758786
EXTRUSION
END POLYGON
BEGIN POLYGON
HEIGHT
85.115692 84.549873
TYPE
0
POINTS
85.229652 34.192482 13.532663
85.229652 30.675022 13.532663
85.229652 30.675022 10.467450
85.229652 34.192482 10.467450
85.229652 34.192482 13.532663
EXTRUSION
END POLYGON
BEGIN POLYGON
HEIGHT
85.115692 84.549873
TYPE
0
POINTS
85.229652 38.338055 9.085591
85.229652 36.604450 9.085591
85.229652 36.579327 9.060467
85.229652 36.579327 5.744006
85.229652 36.604450 5.718882
85.229652 38.338055 5.718882
85.229652 38.338055 9.085591
EXTRUSION
END POLYGON
BEGIN POLYGON
HEIGHT
85.115692 84.549873
TYPE
0
POINTS
85.229652 28.112303 9.010218
85.229652 28.036928 8.985093
85.229652 26.529446 8.985093
85.229652 26.504322 8.959968
85.229652 26.504322 5.668632
85.229652 28.313299 5.668632
85.229652 28.313299 8.985093
85.229652 28.162552 8.985093
85.229652 28.112303 9.010218
EXTRUSION
END POLYGON
BEGIN POLYGON
HEIGHT
85.115692 84.549873
TYPE
0
POINTS
85.229652 34.217606 8.733846
85.229652 30.675022 8.733846
85.229652 30.675022 5.718882
85.229652 34.217606 5.718882
85.229652 34.217606 8.733846
EXTRUSION
END POLYGON
BEGIN POLYGON
HEIGHT
85.115692 84.549873
TYPE
0
POINTS
85.229652 32.509125 3.256661
85.229652 32.333252 3.256661
85.229652 32.257877 3.231536
85.229652 32.182503 3.181287
85.229652 32.082005 3.156162
85.229652 32.006630 3.131037
85.229652 31.906132 3.080788
85.229652 31.830759 3.055663
85.229652 31.755384 3.005414
85.229652 31.604635 2.930040
85.229652 31.529263 2.854666
85.229652 31.378513 2.779291
85.229652 31.328264 2.703917
85.229652 31.252890 2.653668
85.229652 31.202641 2.578294
85.229652 31.102142 2.377296
85.229652 31.051893 2.301922
85.229652 31.026768 2.251673
85.229652 31.026768 -0.461795
85.229652 33.865860 -0.461795
85.229652 33.865860 -0.235673
85.229652 33.890984 -0.185423
85.229652 33.865860 -0.084925
85.229652 33.865860 0.894939
85.229652 33.890984 0.970313
85.229652 33.865860 1.070812
85.229652 33.865860 2.126049
85.229652 33.840733 2.201423
85.229652 33.840733 2.276797
85.229652 33.815609 2.377296
85.229652 33.815609 2.427546
85.229652 33.765362 2.502920
85.229652 33.715111 2.553169
85.229652 33.689987 2.628543
85.229652 33.614613 2.678793
85.229652 33.463863 2.829541
85.229652 33.388489 2.879790
85.229652 33.287991 2.930040
85.229652 33.212616 2.980289
85.229652 33.162369 3.005414
85.229652 33.086994 3.055663
85.229652 32.936245 3.131037
85.229652 32.835747 3.156162
85.229652 32.735249 3.206411
85.229652 32.659874 3.206411
85.229652 32.509125 3.256661
EXTRUSION
END POLYGON
BEGIN POLYGON
HEIGHT
24.331379 23.989088
TYPE
0
POINTS
35.717751 23.810953 27.975189
40.442051 23.810953 27.975189
40.442051 23.937086 24.641714
35.717751 23.937086 24.641714
35.717751 23.810953 27.975189
EXTRUSION
END POLYGON
BEGIN POLYGON
HEIGHT
24.331379 23.989088
TYPE
0
POINTS
26.796234 23.811691 27.955694
31.520538 23.811691 27.955694
31.520538 23.935610 24.680704
31.501017 23.936348 24.661209
26.815756 23.936348 24.661209
26.796234 23.935610 24.680704
26.796234 23.811691 27.955694
EXTRUSION
END POLYGON
BEGIN POLYGON
HEIGHT
24.331379 23.989088
TYPE
0
POINTS
32.945637 23.812429 27.936201
34.292648 23.812429 27.936201
34.292648 23.936348 24.661209
32.945637 23.936348 24.661209
32.945637 23.812429 27.936201
EXTRUSION
END POLYGON
BEGIN POLYGON
HEIGHT
25.087938 24.754763
TYPE
0
POINTS
24.538200 32.323849 31.633419
24.538200 32.223568 31.613363
24.538200 31.902672 31.513083
24.538200 31.742224 31.452913
24.538200 31.501551 31.312521
24.538200 31.220766 31.152073
24.538200 31.080374 31.031736
24.538200 30.980093 30.971569
24.538200 30.919926 30.891344
24.538200 30.819645 30.811121
24.538200 30.739420 30.710840
24.538200 30.659197 30.610559
24.538200 30.538860 30.490223
24.538200 30.458635 30.389944
24.538200 30.438580 30.329775
24.538200 30.398468 30.289663
24.538200 30.358355 30.229494
24.538200 30.318243 30.129215
24.538200 30.258076 30.069046
24.538200 30.238020 30.008879
24.538200 30.157795 29.848431
24.538200 30.097628 29.708038
24.538200 30.057514 29.587702
24.538200 30.037458 29.467365
24.538200 29.997347 29.367085
24.538200 29.977291 29.286860
24.538200 29.937178 29.106356
24.538200 29.917122 28.845627
24.538200 29.917122 24.714081
24.538200 34.710518 24.714081
24.538200 34.710518 28.404394
24.538200 34.690464 28.484617
24.538200 34.690464 28.785460
24.538200 34.670406 28.865683
24.538200 34.670406 29.046188
24.538200 34.630295 29.166525
24.538200 34.610237 29.286860
24.538200 34.590183 29.407196
24.538200 34.570126 29.467365
24.538200 34.550072 29.547588
24.538200 34.530014 29.587702
24.538200 34.509960 29.667925
24.538200 34.469845 29.748150
24.538200 34.449791 29.808317
24.538200 34.409679 29.888542
24.538200 34.389622 29.948709
24.538200 34.329453 30.069046
24.538200 34.309399 30.129215
24.538200 34.269287 30.169327
24.538200 34.209118 30.249552
24.538200 34.169006 30.309719
24.538200 34.128895 30.389944
24.538200 34.088783 30.450111
24.538200 34.008556 30.530336
24.538200 33.988503 30.570448
24.538200 33.948391 30.610559
24.538200 33.767883 30.811121
24.538200 33.747829 30.851233
24.538200 33.687660 30.891344
24.538200 33.607437 30.951513
24.538200 33.487099 31.051792
24.538200 33.346706 31.172129
24.538200 33.206314 31.252354
24.538200 33.085979 31.332579
24.538200 32.965641 31.392746
24.538200 32.825249 31.452913
24.538200 32.724968 31.493027
24.538200 32.644745 31.533138
24.538200 32.544464 31.553194
24.538200 32.404072 31.593306
24.538200 32.323849 31.633419
EXTRUSION
END POLYGON
BEGIN POLYGON
HEIGHT
25.087938 24.754763
TYPE
0
POINTS
24.538200 38.240383 28.003273
24.538200 36.435341 28.003273
24.538200 36.435341 24.694023
24.538200 38.240383 24.694023
24.538200 38.240383 28.003273
EXTRUSION
END POLYGON
BEGIN POLYGON
HEIGHT
25.087938 24.754763
TYPE
0
POINTS
24.538200 28.192301 27.983217
24.538200 26.387257 27.983217
24.538200 26.367201 27.963161
24.538200 26.367201 24.653912
24.538200 28.172245 24.653912
24.538200 28.192301 24.673967
24.538200 28.192301 27.983217
EXTRUSION
END POLYGON
BEGIN POLYGON
HEIGHT
24.374472 24.032017
TYPE
0
POINTS
68.820839 23.835754 27.991703
73.491409 23.835754 27.991703
73.511894 23.836529 27.971247
73.511894 23.959595 24.718796
73.491409 23.960369 24.698339
68.820839 23.960369 24.698339
68.820839 23.835754 27.991703
EXTRUSION
END POLYGON
BEGIN POLYGON
HEIGHT
24.374472 24.032017
TYPE
0
POINTS
74.986809 23.835754 27.991703
76.277367 23.835754 27.991703
76.297852 23.836529 27.971247
76.297852 23.959595 24.718796
75.007294 23.959595 24.718796
74.986809 23.958822 24.739250
74.986809 23.835754 27.991703
EXTRUSION
END POLYGON
BEGIN POLYGON
HEIGHT
24.374472 24.032017
TYPE
0
POINTS
77.752281 23.835754 27.991703
82.422859 23.835754 27.991703
82.443344 23.836529 27.971247
82.443344 23.959595 24.718796
77.772766 23.959595 24.718796
77.752281 23.958822 24.739250
77.752281 23.835754 27.991703
EXTRUSION
END POLYGON
BEGIN POLYGON
HEIGHT
84.507950 84.158333
TYPE
0
POINTS
85.714104 32.373714 31.727705
85.714104 32.273388 31.707640
85.714104 32.193123 31.687574
85.714104 31.952335 31.607311
85.714104 31.791811 31.547113
85.714104 31.591154 31.446785
85.714104 31.390497 31.326391
85.714104 31.270103 31.246130
85.714104 31.129644 31.125734
85.714104 31.069447 31.085604
85.714104 31.009249 31.045473
85.714104 30.969118 30.985275
85.714104 30.868790 30.905012
85.714104 30.788527 30.804684
85.714104 30.748396 30.764553
85.714104 30.708265 30.704357
85.714104 30.587872 30.583961
85.714104 30.507608 30.483633
85.714104 30.487543 30.423437
85.714104 30.447411 30.383307
85.714104 30.407280 30.323109
85.714104 30.367147 30.222780
85.714104 30.306952 30.162582
85.714104 30.286886 30.102386
85.714104 30.206623 29.941860
85.714104 30.186558 29.881664
85.714104 30.146425 29.741203
85.714104 30.106295 29.620810
85.714104 30.086229 29.560614
85.714104 30.046097 29.460285
85.714104 30.026031 29.380022
85.714104 29.985901 29.199430
85.714104 29.985901 28.998775
85.714104 29.965836 28.938578
85.714104 29.985901 24.805050
85.714104 34.761528 24.805050
85.714104 34.761528 28.497133
85.714104 34.741463 28.577396
85.714104 34.741463 28.878380
85.714104 34.721397 28.958643
85.714104 34.681267 29.259628
85.714104 34.681267 29.339891
85.714104 34.661201 29.380022
85.714104 34.641136 29.440220
85.714104 34.621071 29.560614
85.714104 34.601006 29.640877
85.714104 34.560871 29.761271
85.714104 34.520741 29.841532
85.714104 34.500675 29.901730
85.714104 34.460545 29.981993
85.714104 34.440479 30.042189
85.714104 34.380280 30.162582
85.714104 34.360214 30.222780
85.714104 34.300018 30.303043
85.714104 34.219757 30.403372
85.714104 34.179626 30.483633
85.714104 34.059231 30.624094
85.714104 34.039165 30.664225
85.714104 33.999035 30.704357
85.714104 33.818443 30.905012
85.714104 33.738178 30.985275
85.714104 33.657917 31.045473
85.714104 33.597721 31.085604
85.714104 33.537525 31.145802
85.714104 33.477325 31.185932
85.714104 33.397064 31.266195
85.714104 33.316803 31.306326
85.714104 33.196407 31.366524
85.714104 33.136211 31.426720
85.714104 33.076012 31.446785
85.714104 32.935555 31.506983
85.714104 32.855289 31.567181
85.714104 32.775028 31.587246
85.714104 32.694767 31.627377
85.714104 32.594437 31.647442
85.714104 32.453976 31.687574
85.714104 32.373714 31.727705
EXTRUSION
END POLYGON
BEGIN POLYGON
HEIGHT
84.507950 84.158333
TYPE
0
POINTS
85.714104 38.293087 28.095819
85.714104 36.487175 28.095819
85.714104 36.487175 24.784985
85.714104 38.293087 24.784985
85.714104 38.293087 28.095819
EXTRUSION
END POLYGON
BEGIN POLYGON
HEIGHT
84.507950 84.158333
TYPE
0
POINTS
85.714104 28.240189 28.075754
85.714104 26.434278 28.075754
85.714104 26.414211 28.055689
85.714104 26.414211 24.744854
85.714104 28.220121 24.744854
85.714104 28.240189 24.764919
85.714104 28.240189 28.075754
EXTRUSION
END POLYGON
BEGIN POLYGON
HEIGHT
23.211559 22.776463
TYPE
0
POINTS
46.416122 22.883974 32.779049
46.764629 22.886024 32.779049
47.239864 22.888821 32.620628
47.620052 22.891056 32.430531
47.715096 22.891615 32.367165
47.841827 22.892361 32.303795
47.968555 22.893106 32.177063
48.063602 22.893665 32.113697
48.348747 22.895344 31.828545
48.412109 22.895716 31.733496
48.443794 22.895903 31.701811
48.507156 22.896275 31.606762
48.538837 22.896461 31.575079
48.792297 22.897953 31.068144
48.823978 22.898138 30.973093
48.855663 22.898325 30.909727
48.950706 22.898884 30.529526
48.950706 22.898884 30.339426
48.982391 22.899071 30.212692
48.982391 22.899071 24.731464
44.230045 22.871115 24.731464
44.230045 22.871115 30.307741
44.261730 22.871300 30.434475
44.261730 22.871300 30.529526
44.293407 22.871487 30.624577
44.293407 22.871487 30.719625
44.325092 22.871674 30.814676
44.356773 22.871861 30.878044
44.388458 22.872046 31.004776
44.420139 22.872232 31.099827
44.641914 22.873537 31.543394
44.705280 22.873909 31.606762
44.736961 22.874096 31.670128
44.863689 22.874842 31.796862
44.895374 22.875029 31.860229
45.022102 22.875774 31.986961
45.053787 22.875959 32.050327
45.148834 22.876520 32.145378
45.338924 22.877638 32.272114
45.370609 22.877823 32.303795
45.560703 22.878942 32.430531
45.592384 22.879128 32.462212
45.687431 22.879688 32.525581
45.814163 22.880432 32.557262
45.909210 22.880993 32.620628
45.972572 22.881365 32.652313
46.099300 22.882111 32.683998
46.194347 22.882669 32.715679
46.321075 22.883415 32.747364
46.416122 22.883974 32.779049
EXTRUSION
END POLYGON
BEGIN POLYGON
HEIGHT
23.211559 22.776463
TYPE
0
POINTS
54.430096 22.870171 32.779049
54.778614 22.870171 32.779049
55.253864 22.870171 32.620628
55.634068 22.870171 32.430531
55.729118 22.870171 32.367165
55.855850 22.870171 32.303795
55.982586 22.870171 32.177063
56.077633 22.870171 32.113697
56.362785 22.870171 31.828545
56.426151 22.870171 31.733496
56.457836 22.870171 31.701811
56.521202 22.870171 31.606762
56.552887 22.870171 31.575079
56.806351 22.870171 31.068144
56.838036 22.870171 30.973093
56.869720 22.870171 30.909727
56.964771 22.870171 30.529526
56.964771 22.870171 30.339426
56.996452 22.870171 30.212692
56.996452 22.870171 24.731464
52.243942 22.870171 24.731464
52.243942 22.870171 30.307741
52.275627 22.870171 30.434475
52.275627 22.870171 30.529526
52.307308 22.870171 30.624577
52.307308 22.870171 30.719625
52.338993 22.870171 30.814676
52.370678 22.870171 30.878044
52.402359 22.870171 31.004776
52.434044 22.870171 31.099827
52.655827 22.870171 31.543394
52.719193 22.870171 31.606762
52.750877 22.870171 31.670128
52.877609 22.870171 31.796862
52.909294 22.870171 31.860229
53.036026 22.870171 31.986961
53.067711 22.870171 32.050327
53.162762 22.870171 32.145378
53.352863 22.870171 32.272114
53.384544 22.870171 32.303795
53.574646 22.870171 32.430531
53.606331 22.870171 32.462212
53.701378 22.870171 32.525581
53.828114 22.870171 32.557262
53.923164 22.870171 32.620628
53.986530 22.870171 32.652313
54.113262 22.870171 32.683998
54.208313 22.870171 32.715679
54.335049 22.870171 32.747364
54.430096 22.870171 32.779049
EXTRUSION
END POLYGON
BEGIN POLYGON
HEIGHT
23.211559 22.776463
TYPE
0
POINTS
62.475754 22.886305 32.779049
62.824261 22.884243 32.779049
63.299496 22.881432 32.620628
63.679684 22.879181 32.430531
63.774731 22.878618 32.367165
63.901459 22.877869 32.303795
64.028191 22.877119 32.177063
64.123238 22.876556 32.113697
64.408379 22.874870 31.828545
64.471741 22.874495 31.733496
64.503418 22.874308 31.701811
64.566788 22.873932 31.606762
64.598473 22.873745 31.575079
64.851929 22.872244 31.068144
64.883614 22.872057 30.973093
64.915298 22.871870 30.909727
65.010338 22.871307 30.529526
65.010338 22.871307 30.339426
65.042023 22.871120 30.212692
65.042023 22.871120 24.731464
60.289680 22.899242 24.731464
60.289680 22.899242 30.307741
60.321362 22.899054 30.434475
60.321362 22.899054 30.529526
60.353043 22.898867 30.624577
60.353043 22.898867 30.719625
60.384727 22.898680 30.814676
60.416405 22.898491 30.878044
60.448090 22.898304 31.004776
60.479774 22.898117 31.099827
60.701550 22.896805 31.543394
60.764912 22.896429 31.606762
60.796597 22.896242 31.670128
60.923325 22.895493 31.796862
60.955006 22.895304 31.860229
61.081734 22.894554 31.986961
61.113419 22.894367 32.050327
61.208466 22.893805 32.145378
61.398556 22.892679 32.272114
61.430241 22.892492 32.303795
61.620335 22.891367 32.430531
61.652016 22.891180 32.462212
61.747063 22.890617 32.525581
61.873795 22.889868 32.557262
61.968838 22.889305 32.620628
62.032207 22.888929 32.652313
62.158932 22.888180 32.683998
62.253979 22.887617 32.715679
62.380707 22.886868 32.747364
62.475754 22.886305 32.779049
EXTRUSION
END POLYGON
