BEGIN POLYGON
HEIGHT
-2.400100 5.135732
TYPE
0
POINTS
24.006041 23.303148 -2.400100
24.006041 41.132408 -2.400100
85.229652 41.206081 -2.400100
85.229652 23.450499 -2.400100
85.155975 23.229475 -2.400100
84.934952 23.229475 -2.400100
68.284485 23.229475 -2.400100
67.989784 23.008451 -2.400100
67.989784 22.640078 -2.400100
67.547737 22.198030 -2.400100
67.474068 22.124355 -2.400100
67.400391 22.050680 -2.400100
67.326714 21.977007 -2.400100
66.074249 21.903332 -2.400100
65.926895 22.050680 -2.400100
65.558525 22.492729 -2.400100
59.885578 22.713753 -2.400100
59.517208 22.198030 -2.400100
59.443531 22.124355 -2.400100
59.369858 22.050680 -2.400100
59.296185 21.977007 -2.400100
59.148834 21.755981 -2.400100
59.148834 21.534958 -2.400100
59.148834 20.945560 -2.400100
50.160530 20.871887 -2.400100
50.160530 21.461285 -2.400100
50.086857 21.829657 -2.400100
50.013180 21.903332 -2.400100
49.865833 22.050680 -2.400100
49.423782 22.492729 -2.400100
43.824512 22.640078 -2.400100
43.603489 22.198030 -2.400100
43.529816 22.124355 -2.400100
43.456139 22.050680 -2.400100
43.382465 21.977007 -2.400100
41.982647 21.903332 -2.400100
41.835297 22.050680 -2.400100
41.393250 22.492729 -2.400100
41.393250 22.934776 -2.400100
24.374413 23.303148 -2.400100
24.006041 23.303148 -2.400100
EXTRUSION
END POLYGON
BEGIN POLYGON
HEIGHT
5.135732 5.808574
TYPE
0
POINTS
23.416643 34.649040 5.135732
23.563993 34.796391 5.135732
23.711342 34.943741 5.135732
23.785017 41.279755 5.135732
85.450676 41.427105 5.135732
85.524345 41.206081 5.135732
85.524345 40.911385 5.135732
85.450676 40.690361 5.135732
85.450676 38.701145 5.135732
85.524345 38.480122 5.135732
85.524345 35.091087 5.135732
85.671700 34.870064 5.135732
85.745369 34.796391 5.135732
85.819046 34.722713 5.135732
85.819046 34.575367 5.135732
85.671700 34.501690 5.135732
85.598022 34.354343 5.135732
85.598022 34.059643 5.135732
85.671700 33.838619 5.135732
85.671700 33.764946 5.135732
85.745369 33.543922 5.135732
85.745369 33.470245 5.135732
85.819046 33.249222 5.135732
85.819046 32.954525 5.135732
85.892723 32.070427 5.135732
85.819046 31.849405 5.135732
85.819046 31.628382 5.135732
85.745369 31.407358 5.135732
85.745369 31.333683 5.135732
85.671700 31.112659 5.135732
85.671700 30.965309 5.135732
85.598022 30.744286 5.135732
85.598022 30.449587 5.135732
85.671700 30.375912 5.135732
85.745369 30.302238 5.135732
85.819046 30.228563 5.135732
85.819046 30.154888 5.135732
85.745369 30.081215 5.135732
85.671700 30.007540 5.135732
85.598022 29.933865 5.135732
85.524345 23.597847 5.135732
85.524345 23.303148 5.135732
85.450676 23.082125 5.135732
68.358162 23.082125 5.135732
68.063461 22.861101 5.135732
68.063461 22.787426 5.135732
68.063461 22.345379 5.135732
67.695091 21.977007 5.135732
65.926895 21.755981 5.135732
65.484848 22.198030 5.135732
65.337502 22.345379 5.135732
60.401302 22.640078 5.135732
60.106606 22.419054 5.135732
60.032928 22.345379 5.135732
59.738232 22.050680 5.135732
59.664555 21.977007 5.135732
59.590881 21.903332 5.135732
59.517208 21.829657 5.135732
59.443531 21.755981 5.135732
59.369858 21.608633 5.135732
59.369858 21.313934 5.135732
59.369858 21.019236 5.135732
49.939507 20.798212 5.135732
49.939507 21.240259 5.135732
49.939507 21.387609 5.135732
49.865833 21.755981 5.135732
49.792156 21.829657 5.135732
49.644806 21.977007 5.135732
49.350109 22.271704 5.135732
49.202759 22.566402 5.135732
44.340237 22.640078 5.135732
44.045536 22.419054 5.135732
43.971863 22.345379 5.135732
43.603489 21.977007 5.135732
41.908974 21.682308 5.135732
41.614273 21.977007 5.135732
41.687950 21.903332 5.135732
41.319576 22.271704 5.135732
41.245903 22.419054 5.135732
41.245903 22.566402 5.135732
23.858690 23.082125 5.135732
23.785017 23.155800 5.135732
23.785017 23.303148 5.135732
23.785017 29.491817 5.135732
23.711342 29.860189 5.135732
23.637667 29.933865 5.135732
23.563993 30.007540 5.135732
23.490318 30.154888 5.135732
23.563993 30.302238 5.135732
23.711342 30.744286 5.135732
23.637667 30.965309 5.135732
23.563993 31.333683 5.135732
23.563993 31.260008 5.135732
23.490318 31.628382 5.135732
23.490318 33.249222 5.135732
23.563993 33.543922 5.135732
23.637667 33.838619 5.135732
23.637667 33.912292 5.135732
23.711342 34.206993 5.135732
23.563993 34.575367 5.135732
23.490318 34.649040 5.135732
23.416643 34.649040 5.135732
EXTRUSION
END POLYGON
BEGIN POLYGON
HEIGHT
5.808574 23.773458
TYPE
0
POINTS
24.006041 23.229475 5.808574
24.006041 41.058731 5.808574
48.171314 41.427105 5.808574
48.539688 44.226742 5.808574
60.695999 44.595116 5.808574
60.843349 44.521439 5.808574
60.843349 44.300415 5.808574
60.843349 41.795479 5.808574
60.843349 41.574455 5.808574
60.990700 41.427105 5.808574
85.155975 41.427105 5.808574
85.229652 41.353432 5.808574
85.229652 41.132408 5.808574
85.229652 23.524174 5.808574
85.155975 23.303148 5.808574
84.934952 23.303148 5.808574
67.989784 23.229475 5.808574
67.842438 23.008451 5.808574
67.842438 22.934776 5.808574
67.842438 22.492729 5.808574
67.547737 22.124355 5.808574
65.926895 21.977007 5.808574
65.484848 22.419054 5.808574
60.106606 22.787426 5.808574
59.885578 22.713753 5.808574
59.811905 22.566402 5.808574
59.590881 22.198030 5.808574
59.517208 22.124355 5.808574
59.443531 22.050680 5.808574
59.369858 21.977007 5.808574
59.296185 21.903332 5.808574
59.222507 21.755981 5.808574
59.222507 21.461285 5.808574
59.222507 21.166586 5.808574
50.234203 20.650864 5.808574
50.160530 20.724537 5.808574
50.160530 20.871887 5.808574
50.160530 21.313934 5.808574
50.086857 21.682308 5.808574
49.939507 21.903332 5.808574
49.792156 22.050680 5.808574
49.497459 22.345379 5.808574
49.423782 22.492729 5.808574
44.045536 22.861101 5.808574
43.750839 22.640078 5.808574
43.750839 22.492729 5.808574
43.456139 22.124355 5.808574
41.761623 22.050680 5.808574
41.540600 22.271704 5.808574
41.393250 22.492729 5.808574
41.393250 22.787426 5.808574
24.374413 23.229475 5.808574
24.006041 23.229475 5.808574
EXTRUSION
END POLYGON
BEGIN POLYGON
HEIGHT
23.773458 24.446301
TYPE
0
POINTS
23.563993 22.787426 23.773458
23.563993 23.082125 23.773458
23.563993 41.500778 23.773458
47.655594 41.942829 23.773458
48.023968 44.300415 23.773458
61.285397 44.447765 23.773458
61.285397 42.311199 23.773458
61.285397 42.090176 23.773458
61.506420 41.942829 23.773458
85.745369 41.648129 23.773458
85.745369 23.155800 23.773458
68.652863 22.787426 23.773458
68.358162 22.566402 23.773458
68.358162 22.492729 23.773458
68.358162 22.271704 23.773458
68.284485 22.198030 23.773458
68.210815 22.124355 23.773458
68.137138 22.050680 23.773458
67.768761 21.682308 23.773458
67.695091 21.608633 23.773458
67.621414 21.534958 23.773458
67.547737 21.461285 23.773458
67.474068 21.387609 23.773458
67.326714 21.313934 23.773458
66.000572 21.313934 23.773458
65.779549 21.461285 23.773458
65.632202 21.608633 23.773458
65.337502 21.903332 23.773458
65.190155 22.050680 23.773458
65.042801 22.198030 23.773458
64.748108 22.345379 23.773458
60.548653 22.345379 23.773458
60.327629 22.198030 23.773458
60.180279 22.050680 23.773458
59.811905 21.682308 23.773458
59.738232 21.608633 23.773458
59.664555 21.534958 23.773458
59.590881 21.461285 23.773458
59.517208 21.387609 23.773458
59.443531 21.313934 23.773458
59.296185 21.240259 23.773458
58.633110 21.240259 23.773458
58.412086 21.166586 23.773458
58.264740 21.092911 23.773458
58.043713 21.019236 23.773458
57.306969 20.724537 23.773458
57.085945 20.650864 23.773458
57.012268 20.577188 23.773458
56.791245 20.503513 23.773458
56.570221 20.429838 23.773458
56.422874 20.356165 23.773458
55.096729 20.356165 23.773458
54.875706 20.282490 23.773458
52.886490 20.356165 23.773458
52.739143 20.429838 23.773458
52.518120 20.503513 23.773458
52.297092 20.577188 23.773458
52.002396 20.724537 23.773458
51.412998 20.945560 23.773458
51.265648 21.019236 23.773458
51.044624 21.092911 23.773458
50.897278 21.166586 23.773458
50.676254 21.240259 23.773458
50.086857 21.240259 23.773458
50.013180 21.313934 23.773458
49.865833 21.313934 23.773458
49.718483 21.461285 23.773458
49.571133 21.608633 23.773458
49.202759 21.977007 23.773458
48.981735 22.198030 23.773458
48.687038 22.345379 23.773458
44.561260 22.345379 23.773458
44.340237 22.271704 23.773458
44.192886 22.198030 23.773458
43.750839 21.682308 23.773458
43.603489 21.608633 23.773458
43.529816 21.461285 23.773458
43.382465 21.313934 23.773458
41.908974 21.313934 23.773458
41.761623 21.461285 23.773458
41.687950 21.534958 23.773458
41.319576 21.903332 23.773458
41.172226 22.050680 23.773458
41.024876 22.198030 23.773458
40.951202 22.345379 23.773458
40.656506 22.787426 23.773458
23.563993 22.787426 23.773458
EXTRUSION
END POLYGON
BEGIN POLYGON
HEIGHT
41.196899 24.538200
TYPE
0
POINTS
41.196899 40.887783 28.404394
41.196899 40.827614 28.444506
41.196899 40.807560 28.464561
41.196899 40.767448 29.928654
41.196899 40.787502 29.948709
41.196899 40.807560 29.988823
41.196899 40.767448 30.089102
41.196899 40.747391 30.109159
41.196899 40.707279 30.089102
41.196899 40.647110 30.089102
41.196899 37.859318 30.089102
41.196899 37.819206 30.069046
41.196899 37.738983 30.069046
41.196899 37.658760 30.109159
41.196899 32.885418 34.862442
41.196899 32.825249 34.902557
41.196899 32.805195 34.942669
41.196899 32.745026 34.982780
41.196899 32.484299 35.303677
41.196899 32.484299 35.383900
41.196899 32.484299 35.403957
41.196899 32.464241 35.444069
41.196899 32.464241 35.504238
41.196899 32.464241 35.524292
41.196899 32.444183 35.604519
41.196899 32.444183 35.624573
41.196899 32.444183 35.664684
41.196899 32.444183 35.744911
41.196899 32.384018 35.865246
41.196899 32.424129 35.905357
41.196899 32.444183 35.945469
41.196899 32.444183 35.985584
41.196899 32.444183 36.005638
41.196899 32.424129 36.065807
41.196899 32.363960 36.105919
41.196899 32.303791 36.105919
41.196899 32.243626 36.065807
41.196899 32.183456 36.045750
41.196899 32.203514 35.724854
41.196899 32.163399 35.704796
41.196899 32.163399 35.624573
41.196899 32.163399 35.604519
41.196899 32.163399 35.584461
41.196899 32.163399 35.564404
41.196899 32.163399 35.544350
41.196899 32.143345 35.484180
41.196899 32.163399 35.444069
41.196899 32.143345 35.383900
41.196899 32.103233 35.363846
41.196899 32.123287 35.283619
41.196899 32.123287 35.263565
41.196899 32.103233 35.203396
41.196899 32.103233 35.183342
41.196899 32.063122 35.143227
41.196899 32.023006 35.123173
41.196899 32.002953 35.083061
41.196899 31.962839 35.063004
41.196899 31.942783 35.022892
41.196899 31.902672 35.002834
41.196899 31.882616 34.962723
41.196899 31.762280 34.842388
41.196899 31.702110 34.802277
41.196899 26.988939 30.048990
41.196899 26.908714 30.048990
41.196899 26.848545 30.048990
41.196899 26.828489 30.048990
41.196899 26.808434 30.048990
41.196899 24.100866 30.008879
41.196899 23.880251 29.988823
41.196899 23.840137 29.868486
41.196899 23.880251 29.848431
41.196899 23.900307 29.808317
41.196899 23.900307 29.487421
41.196899 23.920362 29.427252
41.196899 23.900307 29.367085
41.196899 23.900307 28.424450
41.196899 23.800026 28.264002
41.196899 23.940418 24.553631
41.196899 23.920362 24.493464
41.196899 23.920362 24.453352
41.196899 23.940418 24.433294
41.196899 40.747391 24.433294
41.196899 40.767448 24.453352
41.196899 40.767448 24.493464
41.196899 40.727337 26.819965
41.196899 40.727337 26.860077
41.196899 40.727337 26.900190
41.196899 40.727337 26.940302
41.196899 40.727337 26.980413
41.196899 40.727337 27.020527
41.196899 40.727337 27.060638
41.196899 40.727337 27.100750
41.196899 40.727337 27.140863
41.196899 40.727337 28.143665
41.196899 40.767448 28.264002
41.196899 40.887783 28.404394
EXTRUSION
END POLYGON
BEGIN POLYGON
HEIGHT
44.995800 37.619400
TYPE
0
POINTS
49.234314 44.995800 24.548994
49.234314 44.995800 24.641823
49.327145 44.995800 29.817034
50.116188 44.995800 29.817034
50.139397 44.995800 29.817034
50.162605 44.995800 29.817034
50.185810 44.995800 29.817034
50.209019 44.995800 29.817034
50.232224 44.995800 29.817034
50.348263 44.995800 29.840242
54.641598 44.995800 34.133579
54.664806 44.995800 34.179993
54.688011 44.995800 34.179993
54.711220 44.995800 34.133579
54.757633 44.995800 34.087162
58.958141 44.995800 29.863449
59.027763 44.995800 29.817034
59.120594 44.995800 29.817034
59.097385 44.995800 29.817034
59.143799 44.995800 29.817034
59.167007 44.995800 29.817034
59.213421 44.995800 29.817034
59.979259 44.995800 29.817034
60.048882 44.995800 29.817034
60.095295 44.995800 29.793827
60.095295 44.995800 24.665031
60.095295 44.995800 24.595409
60.072090 44.995800 24.548994
49.234314 44.995800 24.548994
EXTRUSION
END POLYGON
BEGIN POLYGON
HEIGHT
68.233597 85.714104
TYPE
0
POINTS
85.714104 40.921688 28.396805
85.714104 40.861492 28.436935
85.714104 40.841427 28.457001
85.714104 40.801292 29.921795
85.714104 40.821362 29.941860
85.714104 40.841427 29.981993
85.714104 40.801292 30.082321
85.714104 40.781227 30.102386
85.714104 40.741096 30.082321
85.714104 40.680901 30.082321
85.714104 37.891773 30.082321
85.714104 37.851643 30.062254
85.714104 37.771378 30.062254
85.714104 37.691116 30.102386
85.714104 32.915489 34.857948
85.714104 32.855289 34.898079
85.714104 32.835224 34.938213
85.714104 32.775028 34.978344
85.714104 32.514175 35.299393
85.714104 32.514175 35.379658
85.714104 32.514175 35.399723
85.714104 32.494110 35.439854
85.714104 32.494110 35.500050
85.714104 32.494110 35.520115
85.714104 32.474045 35.600380
85.714104 32.474045 35.620445
85.714104 32.474045 35.660576
85.714104 32.474045 35.740837
85.714104 32.413845 35.861233
85.714104 32.453976 35.901363
85.714104 32.474045 35.941494
85.714104 32.474045 35.981625
85.714104 32.474045 36.001694
85.714104 32.453976 36.061890
85.714104 32.393780 36.102020
85.714104 32.333584 36.102020
85.714104 32.273388 36.061890
85.714104 32.213188 36.041824
85.714104 32.233253 35.720772
85.714104 32.193123 35.700706
85.714104 32.193123 35.620445
85.714104 32.193123 35.600380
85.714104 32.193123 35.580315
85.714104 32.193123 35.560246
85.714104 32.193123 35.540180
85.714104 32.173058 35.479984
85.714104 32.193123 35.439854
85.714104 32.173058 35.379658
85.714104 32.132927 35.359592
85.714104 32.152992 35.279327
85.714104 32.152992 35.259262
85.714104 32.132927 35.199066
85.714104 32.132927 35.179001
85.714104 32.092796 35.138870
85.714104 32.052666 35.118801
85.714104 32.032600 35.078671
85.714104 31.992468 35.058605
85.714104 31.972401 35.018475
85.714104 31.932270 34.998409
85.714104 31.912205 34.958279
85.714104 31.791811 34.837883
85.714104 31.731613 34.797752
85.714104 27.016182 30.042189
85.714104 26.935919 30.042189
85.714104 26.875723 30.042189
85.714104 26.855658 30.042189
85.714104 26.835590 30.042189
85.714104 24.126726 30.002058
85.714104 23.906004 29.981993
85.714104 23.865873 29.861599
85.714104 23.906004 29.841532
85.714104 23.926069 29.801401
85.714104 23.926069 29.480350
85.714104 23.946135 29.420153
85.714104 23.926069 29.359957
85.714104 23.926069 28.416870
85.714104 23.825741 28.256346
85.714104 23.966202 24.544197
85.714104 23.946135 24.483999
85.714104 23.946135 24.443869
85.714104 23.966202 24.423803
85.714104 40.781227 24.423803
85.714104 40.801292 24.443869
85.714104 40.801292 24.483999
85.714104 40.761162 26.811617
85.714104 40.761162 26.851748
85.714104 40.761162 26.891880
85.714104 40.761162 26.932011
85.714104 40.761162 26.972143
85.714104 40.761162 27.012274
85.714104 40.761162 27.052404
85.714104 40.761162 27.092537
85.714104 40.761162 27.132668
85.714104 40.761162 28.135950
85.714104 40.801292 28.256346
85.714104 40.921688 28.396805
EXTRUSION
END POLYGON
BEGIN POLYGON
HEIGHT
24.446400 38.394093
TYPE
0
POINTS
41.503269 33.674210 24.446400
41.503269 33.927677 24.446400
41.503269 34.244511 24.446400
41.503269 34.466297 24.446400
41.534954 34.561344 24.446400
41.598320 34.656395 24.446400
41.978519 35.004913 24.446400
42.010204 35.068279 24.446400
42.105255 35.131645 24.446400
42.168621 35.195015 24.446400
42.295357 35.195015 24.446400
42.390404 35.163330 24.446400
42.548820 35.195015 24.446400
42.707241 35.195015 24.446400
42.770607 35.163330 24.446400
43.024075 35.163330 24.446400
43.055756 35.131645 24.446400
43.087440 35.099964 24.446400
43.119125 35.068279 24.446400
43.689426 34.593029 24.446400
43.689426 34.561344 24.446400
43.689426 34.529663 24.446400
43.689426 34.497978 24.446400
43.689426 34.466297 24.446400
43.689426 34.434612 24.446400
43.689426 34.402927 24.446400
43.689426 34.371246 24.446400
43.689426 34.276196 24.446400
43.689426 34.181145 24.446400
43.752792 34.117779 24.446400
45.748844 34.117779 24.446400
45.843895 34.086094 24.446400
45.938946 34.086094 24.446400
46.033997 34.117779 24.446400
48.727085 34.117779 24.446400
48.822136 34.086094 24.446400
49.392437 34.086094 24.446400
49.550854 34.244511 24.446400
49.550854 34.561344 24.446400
49.614220 34.624714 24.446400
49.677586 34.688080 24.446400
49.994423 35.004913 24.446400
50.089470 35.068279 24.446400
50.152840 35.131645 24.446400
50.216206 35.321747 24.446400
50.216206 37.191067 24.446400
50.216206 37.317802 24.446400
50.247890 37.349483 24.446400
59.024189 37.349483 24.446400
59.055874 37.317802 24.446400
59.055874 37.254436 24.446400
59.055874 35.226696 24.446400
59.119240 35.131645 24.446400
59.150925 35.099964 24.446400
59.182606 35.068279 24.446400
59.214291 35.036598 24.446400
59.499443 34.751446 24.446400
59.594490 34.688080 24.446400
59.626175 34.656395 24.446400
59.657860 34.624714 24.446400
59.689541 34.593029 24.446400
59.721226 34.561344 24.446400
59.721226 34.276196 24.446400
59.721226 34.149460 24.446400
59.784592 34.086094 24.446400
60.449944 34.086094 24.446400
65.392555 34.117779 24.446400
65.550972 34.339561 24.446400
65.550972 34.434612 24.446400
65.550972 34.497978 24.446400
65.550972 34.561344 24.446400
65.550972 34.593029 24.446400
65.646019 34.688080 24.446400
65.994537 34.973228 24.446400
66.089592 35.036598 24.446400
66.152954 35.099964 24.446400
66.248009 35.163330 24.446400
66.406425 35.163330 24.446400
66.564842 35.195015 24.446400
66.723259 35.195015 24.446400
66.786621 35.163330 24.446400
66.881676 35.163330 24.446400
66.976723 35.195015 24.446400
67.103455 35.195015 24.446400
67.135139 35.163330 24.446400
67.166824 35.131645 24.446400
67.230194 35.099964 24.446400
67.261871 35.068279 24.446400
67.578705 34.751446 24.446400
67.610390 34.688080 24.446400
67.673759 34.656395 24.446400
67.705444 34.593029 24.446400
67.737129 34.561344 24.446400
67.768806 34.466297 24.446400
67.768806 34.307880 24.446400
67.768806 34.022728 24.446400
67.768806 33.927677 24.446400
67.768806 33.895996 24.446400
67.768806 33.864311 24.446400
67.768806 33.800945 24.446400
67.768806 33.705894 24.446400
67.768806 33.674210 24.446400
67.230194 33.135593 24.446400
67.166824 33.103909 24.446400
67.135139 33.040543 24.446400
67.103455 33.040543 24.446400
67.071777 33.040543 24.446400
67.040092 33.040543 24.446400
67.008408 33.040543 24.446400
66.976723 33.040543 24.446400
66.913361 33.040543 24.446400
66.818306 33.040543 24.446400
66.691574 32.913811 24.446400
66.691574 27.876148 24.446400
66.691574 27.749414 24.446400
66.659889 27.654364 24.446400
66.659889 24.295923 24.446400
66.691574 24.232557 24.446400
66.691574 24.137506 24.446400
66.659889 24.074141 24.446400
66.723259 23.979090 24.446400
66.754944 23.979090 24.446400
66.881676 23.979090 24.446400
66.945038 23.947407 24.446400
67.135139 23.947407 24.446400
67.198509 23.884041 24.446400
67.261871 23.852356 24.446400
67.578705 23.535522 24.446400
67.610390 23.472157 24.446400
67.673759 23.408789 24.446400
67.705444 23.377106 24.446400
67.737129 23.345423 24.446400
67.737129 23.028587 24.446400
67.737129 22.743437 24.446400
67.737129 22.521654 24.446400
67.705444 22.426603 24.446400
67.642075 22.331553 24.446400
67.293556 21.983036 24.446400
67.230194 21.919668 24.446400
67.198509 21.887985 24.446400
67.166824 21.856302 24.446400
67.135139 21.824619 24.446400
66.818306 21.824619 24.446400
66.564842 21.824619 24.446400
66.248009 21.824619 24.446400
66.184639 21.887985 24.446400
66.089592 21.951353 24.446400
65.614334 22.426603 24.446400
65.614334 22.489971 24.446400
65.614334 22.553337 24.446400
65.614334 22.616703 24.446400
65.614334 22.680071 24.446400
65.297501 22.901855 24.446400
65.202454 22.870171 24.446400
59.847958 22.901855 24.446400
59.721226 22.806805 24.446400
59.721226 22.775122 24.446400
59.721226 22.521654 24.446400
59.689541 22.426603 24.446400
59.657860 22.394920 24.446400
59.626175 22.363237 24.446400
59.594490 22.331553 24.446400
59.277657 21.983036 24.446400
59.214291 21.951353 24.446400
59.182606 21.919668 24.446400
59.150925 21.887985 24.446400
59.119240 21.856302 24.446400
59.087559 21.824619 24.446400
58.168739 21.824619 24.446400
58.105373 21.887985 24.446400
57.566753 22.426603 24.446400
57.566753 22.489971 24.446400
57.566753 22.553337 24.446400
57.566753 22.616703 24.446400
57.566753 22.680071 24.446400
57.440022 22.870171 24.446400
51.832058 22.870171 24.446400
51.705326 22.775122 24.446400
51.705326 22.743437 24.446400
51.261757 21.983036 24.446400
51.198391 21.919668 24.446400
51.166706 21.887985 24.446400
51.135025 21.856302 24.446400
51.103340 21.824619 24.446400
50.184521 21.824619 24.446400
50.121155 21.887985 24.446400
50.057789 21.951353 24.446400
49.740955 22.268187 24.446400
49.677586 22.331553 24.446400
49.645905 22.363237 24.446400
49.582539 22.426603 24.446400
49.550854 22.489971 24.446400
49.550854 22.680071 24.446400
49.455803 22.901855 24.446400
44.069626 22.870171 24.446400
43.974575 22.901855 24.446400
43.784473 22.901855 24.446400
43.657742 22.806805 24.446400
43.657742 22.775122 24.446400
43.657742 22.680071 24.446400
43.657742 22.648388 24.446400
43.657742 22.616703 24.446400
43.657742 22.521654 24.446400
43.657742 22.489971 24.446400
43.657742 22.426603 24.446400
43.245857 22.014719 24.446400
43.182491 21.951353 24.446400
43.119125 21.919668 24.446400
43.087440 21.887985 24.446400
43.024075 21.824619 24.446400
42.770607 21.824619 24.446400
42.517139 21.824619 24.446400
42.136940 21.824619 24.446400
42.073570 21.887985 24.446400
41.693371 22.299870 24.446400
41.630005 22.331553 24.446400
41.566635 22.426603 24.446400
41.534954 22.458286 24.446400
41.534954 22.711754 24.446400
41.534954 22.965221 24.446400
41.534954 23.345423 24.446400
41.598320 23.408789 24.446400
41.661686 23.472157 24.446400
41.946838 23.757307 24.446400
42.010204 23.852356 24.446400
42.136940 23.947407 24.446400
42.422089 23.947407 24.446400
42.580505 24.105824 24.446400
42.580505 24.232557 24.446400
42.612190 24.359291 24.446400
42.612190 27.590998 24.446400
42.580505 27.749414 24.446400
42.580505 27.876148 24.446400
42.612190 28.002882 24.446400
42.580505 32.913811 24.446400
42.453773 33.040543 24.446400
42.358723 33.040543 24.446400
42.295357 33.040543 24.446400
42.263672 33.040543 24.446400
42.231987 33.040543 24.446400
42.200306 33.040543 24.446400
42.136940 33.040543 24.446400
41.693371 33.484112 24.446400
41.630005 33.547478 24.446400
41.566635 33.610844 24.446400
41.503269 33.705894 24.446400
41.503269 33.674210 24.446400
EXTRUSION
END POLYGON
BEGIN POLYGON
HEIGHT
38.394093 41.164528
TYPE
0
POINTS
41.408218 22.394920 38.394093
41.408218 22.585020 38.394093
41.408218 22.901855 38.394093
41.408218 23.345423 38.394093
41.439903 23.377106 38.394093
41.503269 23.472157 38.394093
42.263672 24.042458 38.394093
42.327038 24.042458 38.394093
42.453773 24.137506 38.394093
42.485455 24.264240 38.394093
42.453773 24.454342 38.394093
42.485455 24.390974 38.394093
42.453773 24.454342 38.394093
42.453773 24.486025 38.394093
42.485455 24.612759 38.394093
42.485455 25.056326 38.394093
42.453773 27.844465 38.394093
42.485455 27.971199 38.394093
42.485455 28.953384 38.394093
42.453773 29.143484 38.394093
42.485455 29.270218 38.394093
42.485455 32.343506 38.394093
42.453773 32.501926 38.394093
42.485455 32.628658 38.394093
42.485455 32.692024 38.394093
42.453773 32.850441 38.394093
41.630005 33.389061 38.394093
41.503269 33.515793 38.394093
41.534954 33.484112 38.394093
41.503269 33.515793 38.394093
41.439903 33.610844 38.394093
41.408218 33.642529 38.394093
41.408218 33.959362 38.394093
41.408218 34.339561 38.394093
41.408218 34.593029 38.394093
41.471588 34.656395 38.394093
41.503269 34.719761 38.394093
41.915154 35.099964 38.394093
41.978519 35.195015 38.394093
42.073570 35.258381 38.394093
42.168621 35.290066 38.394093
42.295357 35.290066 38.394093
42.612190 35.290066 38.394093
43.087440 35.258381 38.394093
43.119125 35.195015 38.394093
43.182491 35.163330 38.394093
43.721107 34.371246 38.394093
43.784473 34.212830 38.394093
44.291409 34.212830 38.394093
44.354774 34.181145 38.394093
48.758770 34.181145 38.394093
48.917187 34.212830 38.394093
49.329071 34.212830 38.394093
49.931053 35.068279 38.394093
50.026104 35.163330 38.394093
50.121155 35.258381 38.394093
50.437988 35.258381 38.394093
50.596405 35.290066 38.394093
50.818192 35.290066 38.394093
51.039974 35.290066 38.394093
51.103340 35.258381 38.394093
51.135025 35.258381 38.394093
51.166706 35.226696 38.394093
51.230076 35.195015 38.394093
51.261757 35.131645 38.394093
51.641960 34.751446 38.394093
51.705326 34.719761 38.394093
51.737007 34.656395 38.394093
51.768692 34.624714 38.394093
51.800377 34.593029 38.394093
51.800377 34.371246 38.394093
51.800377 34.086094 38.394093
51.800377 33.705894 38.394093
51.768692 33.610844 38.394093
51.705326 33.515793 38.394093
51.673641 33.484112 38.394093
50.881557 32.945492 38.394093
50.754822 32.850441 38.394093
50.723141 32.787075 38.394093
50.723141 32.628658 38.394093
50.754822 32.533607 38.394093
50.754822 32.501926 38.394093
50.723141 32.406876 38.394093
50.723141 29.206852 38.394093
50.723141 24.581076 38.394093
50.754822 24.486025 38.394093
50.754822 24.454342 38.394093
50.723141 24.359291 38.394093
50.723141 24.200874 38.394093
50.754822 24.137506 38.394093
50.976608 24.042458 38.394093
51.071655 24.042458 38.394093
51.103340 24.042458 38.394093
51.135025 24.010773 38.394093
51.198391 23.979090 38.394093
51.230076 23.947407 38.394093
51.261757 23.884041 38.394093
51.610275 23.535522 38.394093
51.673641 23.503839 38.394093
51.705326 23.472157 38.394093
51.737007 23.408789 38.394093
51.768692 23.377106 38.394093
51.800377 23.345423 38.394093
51.800377 22.933538 38.394093
51.800377 22.648388 38.394093
51.800377 22.458286 38.394093
51.768692 22.363237 38.394093
51.705326 22.268187 38.394093
51.293442 21.887985 38.394093
51.261757 21.856302 38.394093
51.230076 21.792936 38.394093
51.166706 21.761251 38.394093
51.135025 21.729568 38.394093
51.039974 21.697886 38.394093
50.913239 21.697886 38.394093
50.596405 21.697886 38.394093
50.121155 21.729568 38.394093
50.026104 21.824619 38.394093
49.455803 22.521654 38.394093
49.360752 22.775122 38.394093
48.917187 22.775122 38.394093
48.822136 22.806805 38.394093
44.386459 22.806805 38.394093
44.291409 22.775122 38.394093
43.847843 22.775122 38.394093
43.721107 22.680071 38.394093
43.721107 22.648388 38.394093
43.214172 21.887985 38.394093
43.182491 21.824619 38.394093
43.119125 21.792936 38.394093
43.087440 21.729568 38.394093
42.707241 21.729568 38.394093
42.612190 21.697886 38.394093
42.390404 21.697886 38.394093
42.168621 21.697886 38.394093
42.073570 21.729568 38.394093
41.978519 21.792936 38.394093
41.566635 22.236504 38.394093
41.503269 22.268187 38.394093
41.439903 22.363237 38.394093
41.408218 22.394920 38.394093
EXTRUSION
END POLYGON
BEGIN POLYGON
HEIGHT
38.394093 41.164528
TYPE
0
POINTS
57.440022 22.394920 38.394093
57.440022 22.585020 38.394093
57.440022 22.901855 38.394093
57.440022 23.345423 38.394093
57.471703 23.377106 38.394093
57.535072 23.472157 38.394093
58.358841 24.042458 38.394093
58.485573 24.137506 38.394093
58.517258 24.264240 38.394093
58.485573 24.454342 38.394093
58.517258 24.390974 38.394093
58.485573 24.454342 38.394093
58.485573 24.486025 38.394093
58.517258 32.343506 38.394093
58.485573 32.501926 38.394093
58.517258 32.628658 38.394093
58.517258 32.692024 38.394093
58.485573 32.850441 38.394093
58.263790 32.945492 38.394093
58.168739 32.945492 38.394093
58.137054 32.945492 38.394093
58.042004 33.008858 38.394093
57.883587 33.167274 38.394093
57.661804 33.389061 38.394093
57.535072 33.515793 38.394093
57.566753 33.484112 38.394093
57.535072 33.515793 38.394093
57.471703 33.610844 38.394093
57.440022 33.642529 38.394093
57.440022 33.959362 38.394093
57.440022 34.339561 38.394093
57.440022 34.593029 38.394093
57.503387 34.656395 38.394093
57.535072 34.719761 38.394093
57.946957 35.099964 38.394093
58.010323 35.195015 38.394093
58.105373 35.258381 38.394093
58.200420 35.290066 38.394093
58.327156 35.290066 38.394093
58.643990 35.290066 38.394093
59.119240 35.258381 38.394093
59.150925 35.195015 38.394093
59.214291 35.163330 38.394093
59.752911 34.371246 38.394093
59.816277 34.212830 38.394093
60.323212 34.212830 38.394093
60.386578 34.181145 38.394093
64.790573 34.181145 38.394093
64.948990 34.212830 38.394093
65.360870 34.212830 38.394093
65.962852 35.068279 38.394093
66.057907 35.163330 38.394093
66.152954 35.258381 38.394093
66.469788 35.258381 38.394093
66.628204 35.290066 38.394093
66.849991 35.290066 38.394093
67.071777 35.290066 38.394093
67.135139 35.258381 38.394093
67.166824 35.258381 38.394093
67.198509 35.226696 38.394093
67.261871 35.195015 38.394093
67.293556 35.131645 38.394093
67.673759 34.751446 38.394093
67.737129 34.719761 38.394093
67.768806 34.656395 38.394093
67.800491 34.624714 38.394093
67.832176 34.593029 38.394093
67.832176 34.371246 38.394093
67.832176 34.086094 38.394093
67.832176 33.705894 38.394093
67.800491 33.610844 38.394093
67.737129 33.515793 38.394093
67.705444 33.484112 38.394093
66.913361 32.945492 38.394093
66.786621 32.850441 38.394093
66.754944 32.787075 38.394093
66.754944 32.628658 38.394093
66.786621 32.533607 38.394093
66.786621 32.501926 38.394093
66.754944 32.406876 38.394093
66.754944 31.868258 38.394093
66.786621 31.773207 38.394093
66.786621 31.646473 38.394093
66.754944 29.206852 38.394093
66.786621 29.143484 38.394093
66.786621 27.844465 38.394093
66.754944 27.781097 38.394093
66.754944 24.581076 38.394093
66.786621 24.486025 38.394093
66.786621 24.454342 38.394093
66.754944 24.359291 38.394093
66.754944 24.200874 38.394093
66.786621 24.137506 38.394093
67.642075 23.535522 38.394093
67.705444 23.503839 38.394093
67.737129 23.472157 38.394093
67.768806 23.408789 38.394093
67.800491 23.377106 38.394093
67.832176 23.345423 38.394093
67.832176 22.933538 38.394093
67.832176 22.648388 38.394093
67.832176 22.458286 38.394093
67.800491 22.363237 38.394093
67.737129 22.268187 38.394093
67.325241 21.887985 38.394093
67.293556 21.856302 38.394093
67.261871 21.792936 38.394093
67.198509 21.761251 38.394093
67.166824 21.729568 38.394093
67.071777 21.697886 38.394093
66.945038 21.697886 38.394093
66.628204 21.697886 38.394093
66.152954 21.729568 38.394093
66.057907 21.824619 38.394093
65.487602 22.521654 38.394093
65.519287 22.648388 38.394093
65.392555 22.775122 38.394093
64.948990 22.775122 38.394093
64.853935 22.806805 38.394093
60.418259 22.806805 38.394093
60.323212 22.775122 38.394093
59.752911 22.648388 38.394093
59.245975 21.887985 38.394093
59.214291 21.824619 38.394093
59.150925 21.792936 38.394093
59.119240 21.729568 38.394093
58.739040 21.729568 38.394093
58.643990 21.697886 38.394093
58.422207 21.697886 38.394093
58.200420 21.697886 38.394093
58.105373 21.729568 38.394093
58.010323 21.792936 38.394093
57.598438 22.236504 38.394093
57.535072 22.268187 38.394093
57.471703 22.363237 38.394093
57.440022 22.394920 38.394093
EXTRUSION
END POLYGON
BEGIN POLYGON
HEIGHT
41.164528 43.457298
TYPE
0
POINTS
41.471588 22.394920 41.164528
41.471588 23.282055 41.164528
41.503269 23.345423 41.164528
41.566635 23.408789 41.164528
41.598320 23.440472 41.164528
41.978519 23.788990 41.164528
42.041889 23.852356 41.164528
42.073570 23.884041 41.164528
42.168621 23.947407 41.164528
43.024075 23.947407 41.164528
43.055756 23.915724 41.164528
43.087440 23.884041 41.164528
43.119125 23.852356 41.164528
43.150806 23.820673 41.164528
43.435959 23.535522 41.164528
43.531010 23.472157 41.164528
43.562691 23.408789 41.164528
43.594376 23.377106 41.164528
43.657742 23.313738 41.164528
43.657742 22.458286 41.164528
43.626057 22.363237 41.164528
43.594376 22.331553 41.164528
43.562691 22.299870 41.164528
43.245857 21.951353 41.164528
43.150806 21.887985 41.164528
43.119125 21.856302 41.164528
43.087440 21.824619 41.164528
43.055756 21.792936 41.164528
43.024075 21.761251 41.164528
42.105255 21.761251 41.164528
42.041889 21.792936 41.164528
41.978519 21.856302 41.164528
41.661686 22.141453 41.164528
41.598320 22.236504 41.164528
41.566635 22.268187 41.164528
41.503269 22.331553 41.164528
41.471588 22.426603 41.164528
41.471588 22.394920 41.164528
EXTRUSION
END POLYGON
BEGIN POLYGON
HEIGHT
41.164528 43.457298
TYPE
0
POINTS
41.471588 33.642529 41.164528
41.471588 34.529663 41.164528
41.503269 34.593029 41.164528
41.566635 34.656395 41.164528
41.598320 34.688080 41.164528
41.978519 35.036598 41.164528
42.041889 35.099964 41.164528
42.073570 35.131645 41.164528
42.168621 35.195015 41.164528
43.024075 35.195015 41.164528
43.055756 35.163330 41.164528
43.087440 35.131645 41.164528
43.119125 35.099964 41.164528
43.150806 35.068279 41.164528
43.182491 35.036598 41.164528
43.435959 34.783131 41.164528
43.531010 34.719761 41.164528
43.562691 34.656395 41.164528
43.594376 34.624714 41.164528
43.657742 34.561344 41.164528
43.657742 33.705894 41.164528
43.626057 33.610844 41.164528
43.594376 33.579159 41.164528
43.562691 33.547478 41.164528
43.531010 33.515793 41.164528
43.245857 33.198959 41.164528
43.150806 33.135593 41.164528
43.119125 33.103909 41.164528
43.087440 33.072227 41.164528
43.055756 33.040543 41.164528
43.024075 33.008858 41.164528
42.105255 33.008858 41.164528
42.041889 33.040543 41.164528
41.978519 33.103909 41.164528
41.661686 33.389061 41.164528
41.598320 33.484112 41.164528
41.566635 33.515793 41.164528
41.503269 33.579159 41.164528
41.471588 33.674210 41.164528
41.471588 33.642529 41.164528
EXTRUSION
END POLYGON
BEGIN POLYGON
HEIGHT
41.164528 43.457298
TYPE
0
POINTS
49.519169 22.426603 41.164528
49.550854 23.313738 41.164528
49.614220 23.377106 41.164528
49.645905 23.440472 41.164528
49.931053 23.725622 41.164528
49.994423 23.820673 41.164528
50.089470 23.884041 41.164528
50.121155 23.947407 41.164528
51.071655 23.947407 41.164528
51.103340 23.915724 41.164528
51.135025 23.884041 41.164528
51.166706 23.852356 41.164528
51.198391 23.820673 41.164528
51.546909 23.472157 41.164528
51.578590 23.440472 41.164528
51.610275 23.408789 41.164528
51.641960 23.377106 41.164528
51.673641 23.345423 41.164528
51.705326 23.313738 41.164528
51.705326 22.458286 41.164528
51.673641 22.363237 41.164528
51.641960 22.331553 41.164528
51.610275 22.299870 41.164528
51.230076 21.919668 41.164528
51.198391 21.887985 41.164528
51.166706 21.856302 41.164528
51.135025 21.824619 41.164528
51.103340 21.792936 41.164528
51.039974 21.761251 41.164528
50.152840 21.761251 41.164528
50.089470 21.856302 41.164528
49.994423 21.919668 41.164528
49.677586 22.236504 41.164528
49.582539 22.331553 41.164528
49.519169 22.489971 41.164528
49.519169 22.426603 41.164528
EXTRUSION
END POLYGON
BEGIN POLYGON
HEIGHT
41.164528 43.457298
TYPE
0
POINTS
49.519169 33.674210 41.164528
49.519169 34.212830 41.164528
49.550854 34.339561 41.164528
49.550854 34.561344 41.164528
49.614220 34.624714 41.164528
49.645905 34.688080 41.164528
49.931053 34.973228 41.164528
49.994423 35.068279 41.164528
50.089470 35.131645 41.164528
50.121155 35.195015 41.164528
51.071655 35.195015 41.164528
51.103340 35.163330 41.164528
51.135025 35.131645 41.164528
51.166706 35.099964 41.164528
51.198391 35.068279 41.164528
51.546909 34.719761 41.164528
51.578590 34.688080 41.164528
51.610275 34.656395 41.164528
51.641960 34.624714 41.164528
51.673641 34.593029 41.164528
51.705326 34.561344 41.164528
51.705326 33.705894 41.164528
51.673641 33.610844 41.164528
51.641960 33.579159 41.164528
51.610275 33.547478 41.164528
51.578590 33.515793 41.164528
51.230076 33.167274 41.164528
51.198391 33.135593 41.164528
51.166706 33.103909 41.164528
51.135025 33.072227 41.164528
51.103340 33.040543 41.164528
51.039974 33.008858 41.164528
50.152840 33.008858 41.164528
50.089470 33.103909 41.164528
49.677586 33.484112 41.164528
49.582539 33.579159 41.164528
49.519169 33.737576 41.164528
49.519169 33.674210 41.164528
EXTRUSION
END POLYGON
BEGIN POLYGON
HEIGHT
41.164528 43.457298
TYPE
0
POINTS
57.503387 22.426603 41.164528
57.503387 23.313738 41.164528
57.566753 23.377106 41.164528
57.598438 23.440472 41.164528
57.915272 23.757307 41.164528
58.010323 23.820673 41.164528
58.073689 23.884041 41.164528
58.137054 23.947407 41.164528
59.055874 23.947407 41.164528
59.119240 23.884041 41.164528
59.150925 23.852356 41.164528
59.182606 23.820673 41.164528
59.214291 23.788990 41.164528
59.562809 23.472157 41.164528
59.594490 23.408789 41.164528
59.626175 23.377106 41.164528
59.689541 23.313738 41.164528
59.689541 23.282055 41.164528
59.721226 23.187006 41.164528
59.721226 22.394920 41.164528
59.689541 22.363237 41.164528
59.626175 22.331553 41.164528
59.245975 21.919668 41.164528
59.214291 21.887985 41.164528
59.182606 21.856302 41.164528
59.150925 21.824619 41.164528
59.119240 21.792936 41.164528
59.087559 21.761251 41.164528
58.137054 21.761251 41.164528
58.073689 21.824619 41.164528
57.725170 22.173136 41.164528
57.661804 22.268187 41.164528
57.598438 22.331553 41.164528
57.535072 22.394920 41.164528
57.503387 22.426603 41.164528
EXTRUSION
END POLYGON
BEGIN POLYGON
HEIGHT
41.164528 43.457298
TYPE
0
POINTS
57.503387 33.674210 41.164528
57.503387 34.561344 41.164528
57.566753 34.624714 41.164528
57.598438 34.688080 41.164528
57.915272 35.004913 41.164528
58.010323 35.068279 41.164528
58.073689 35.131645 41.164528
58.137054 35.195015 41.164528
59.055874 35.195015 41.164528
59.119240 35.131645 41.164528
59.150925 35.099964 41.164528
59.182606 35.068279 41.164528
59.562809 34.719761 41.164528
59.594490 34.656395 41.164528
59.626175 34.624714 41.164528
59.689541 34.561344 41.164528
59.689541 34.529663 41.164528
59.721226 34.434612 41.164528
59.721226 33.642529 41.164528
59.689541 33.610844 41.164528
59.626175 33.579159 41.164528
59.245975 33.167274 41.164528
59.214291 33.135593 41.164528
59.182606 33.103909 41.164528
59.150925 33.072227 41.164528
59.119240 33.040543 41.164528
59.087559 33.008858 41.164528
58.137054 33.008858 41.164528
58.073689 33.072227 41.164528
57.661804 33.515793 41.164528
57.598438 33.579159 41.164528
57.535072 33.642529 41.164528
57.503387 33.674210 41.164528
EXTRUSION
END POLYGON
BEGIN POLYGON
HEIGHT
41.164528 43.457298
TYPE
0
POINTS
65.582657 22.394920 41.164528
65.582657 23.282055 41.164528
65.614334 23.345423 41.164528
65.677704 23.408789 41.164528
65.709389 23.472157 41.164528
65.962852 23.725622 41.164528
66.089592 23.852356 41.164528
66.184639 23.947407 41.164528
67.071777 23.947407 41.164528
67.103455 23.915724 41.164528
67.166824 23.884041 41.164528
67.198509 23.852356 41.164528
67.230194 23.820673 41.164528
67.610390 23.472157 41.164528
67.642075 23.440472 41.164528
67.673759 23.408789 41.164528
67.705444 23.377106 41.164528
67.768806 23.313738 41.164528
67.768806 22.458286 41.164528
67.705444 22.363237 41.164528
67.673759 22.331553 41.164528
67.293556 21.951353 41.164528
67.261871 21.919668 41.164528
67.230194 21.887985 41.164528
67.198509 21.856302 41.164528
67.166824 21.824619 41.164528
67.103455 21.792936 41.164528
66.216324 21.792936 41.164528
66.152954 21.856302 41.164528
66.089592 21.887985 41.164528
66.057907 21.919668 41.164528
65.772758 22.204821 41.164528
65.709389 22.268187 41.164528
65.646019 22.331553 41.164528
65.582657 22.426603 41.164528
65.582657 22.394920 41.164528
EXTRUSION
END POLYGON
BEGIN POLYGON
HEIGHT
41.164528 43.457298
TYPE
0
POINTS
65.582657 33.642529 41.164528
65.582657 34.529663 41.164528
65.614334 34.593029 41.164528
65.677704 34.656395 41.164528
65.709389 34.719761 41.164528
65.962852 34.973228 41.164528
66.089592 35.099964 41.164528
66.184639 35.195015 41.164528
67.071777 35.195015 41.164528
67.103455 35.163330 41.164528
67.166824 35.131645 41.164528
67.198509 35.099964 41.164528
67.230194 35.068279 41.164528
67.610390 34.719761 41.164528
67.642075 34.688080 41.164528
67.673759 34.656395 41.164528
67.705444 34.624714 41.164528
67.768806 34.561344 41.164528
67.768806 33.705894 41.164528
67.705444 33.610844 41.164528
67.673759 33.579159 41.164528
67.642075 33.547478 41.164528
67.293556 33.198959 41.164528
67.261871 33.167274 41.164528
67.230194 33.135593 41.164528
67.198509 33.103909 41.164528
67.166824 33.072227 41.164528
67.103455 33.040543 41.164528
66.216324 33.040543 41.164528
66.152954 33.103909 41.164528
66.089592 33.135593 41.164528
66.057907 33.167274 41.164528
65.772758 33.452427 41.164528
65.709389 33.515793 41.164528
65.646019 33.579159 41.164528
65.582657 33.674210 41.164528
65.582657 33.642529 41.164528
EXTRUSION
END POLYGON
