BEGIN POLYGON
HEIGHT
-15.586691 185.223694
TYPE
0
POINTS
334.406067 413.962433 -15.586691
334.406067 414.595428 -15.586691
334.722565 414.911926 -15.586691
336.305084 414.911926 -15.586691
386.629669 419.343048 -15.586691
388.212189 419.659546 -15.586691
388.528717 419.659546 -15.586691
388.845215 419.659546 -15.586691
389.161713 419.659546 -15.586691
389.478241 419.659546 -15.586691
389.794739 419.659546 -15.586691
390.111237 419.659546 -15.586691
391.693787 419.976044 -15.586691
392.010284 419.976044 -15.586691
392.643311 419.659546 -15.586691
392.959808 419.659546 -15.586691
394.225830 419.026520 -15.586691
394.542328 419.026520 -15.586691
395.175354 418.710022 -15.586691
395.491852 418.710022 -15.586691
441.385345 402.884674 -15.586691
442.018341 402.568176 -15.586691
442.334869 402.568176 -15.586691
442.967865 402.251678 -15.586691
443.284393 402.251678 -15.586691
443.917389 401.935150 -15.586691
444.233887 401.935150 -15.586691
445.499939 401.302155 -15.586691
445.816437 401.302155 -15.586691
446.449463 400.985626 -15.586691
446.765961 400.669128 -15.586691
447.715485 400.036133 -15.586691
448.031982 399.719604 -15.586691
448.348480 399.403107 -15.586691
448.665009 399.086609 -15.586691
448.981506 398.770081 -15.586691
484.430267 365.220367 -15.586691
485.379791 364.587372 -15.586691
485.696289 364.270844 -15.586691
486.012787 363.637848 -15.586691
486.962311 363.004822 -15.586691
488.544861 361.422302 -15.586691
488.861359 360.789276 -15.586691
489.177856 359.839752 -15.586691
489.494354 359.206757 -15.586691
489.810883 358.573730 -15.586691
490.127380 357.624207 -15.586691
508.801270 310.148193 -15.586691
508.801270 250.644928 -15.586691
508.484772 249.695404 -15.586691
508.168274 249.062393 -15.586691
507.851746 248.429382 -15.586691
507.535248 247.796371 -15.586691
507.218750 247.163345 -15.586691
486.012787 203.485413 -15.586691
485.696289 202.852402 -15.586691
485.379791 202.219391 -15.586691
485.063263 201.586380 -15.586691
484.746765 200.953369 -15.586691
484.430267 200.320343 -15.586691
484.113739 199.687332 -15.586691
483.797241 199.054321 -15.586691
483.480743 198.421310 -15.586691
483.164246 198.104797 -15.586691
482.531219 197.788300 -15.586691
481.265198 196.522263 -15.586691
480.632172 196.205765 -15.586691
442.967865 164.871597 -15.586691
442.651367 164.555084 -15.586691
442.334869 164.238586 -15.586691
442.018341 163.922073 -15.586691
441.701843 163.605560 -15.586691
441.068848 163.289063 -15.586691
440.752319 162.972549 -15.586691
440.435822 162.656052 -15.586691
440.119324 162.339539 -15.586691
439.802795 162.023026 -15.586691
439.169800 161.706528 -15.586691
438.536774 161.390015 -15.586691
437.587250 161.073517 -15.586691
437.270752 161.073517 -15.586691
436.321228 160.757004 -15.586691
436.004730 160.757004 -15.586691
384.414124 146.514206 -15.586691
383.464600 146.197693 -15.586691
382.831573 146.197693 -15.586691
382.515076 146.514206 -15.586691
334.406067 413.962433 -15.586691
EXTRUSION
END POLYGON
BEGIN POLYGON
HEIGHT
185.223694 347.697540
TYPE
1
POINTS
335.039063 412.696381 185.223694
335.355560 413.962433 185.223694
339.153656 414.595428 185.223694
348.965363 415.544952 185.223694
356.878021 416.177979 185.223694
367.006256 417.127472 185.223694
374.602417 417.760498 185.223694
381.249054 418.393524 185.223694
388.528717 419.026520 185.223694
392.643311 419.026520 185.223694
397.707397 417.444000 185.223694
403.721039 415.228455 185.223694
413.849243 411.746857 185.223694
421.445404 409.214813 185.223694
429.674591 406.366241 185.223694
437.587250 403.517700 185.223694
445.816437 400.669128 185.223694
450.247528 396.871063 185.223694
454.995117 392.439972 185.223694
463.540802 384.210785 185.223694
472.086487 376.298126 185.223694
477.467102 371.234009 185.223694
484.113739 364.903870 185.223694
487.595337 361.422302 185.223694
488.544861 359.839752 185.223694
491.393402 352.876617 185.223694
494.874969 344.647430 185.223694
498.040039 337.051270 185.223694
501.205109 329.138611 185.223694
504.370178 321.542450 185.223694
506.902252 315.528809 185.223694
509.117798 309.831696 185.223694
509.750793 307.932648 185.223694
509.750793 301.602509 185.223694
509.434296 289.891754 185.223694
509.434296 285.777191 185.223694
508.801270 274.699432 185.223694
508.801270 266.470276 185.223694
508.484772 258.557587 185.223694
508.168274 251.277939 185.223694
507.535248 249.062393 185.223694
504.370178 242.415756 185.223694
501.205109 236.085617 185.223694
497.090546 227.539932 185.223694
493.925476 221.209793 185.223694
489.810883 212.664108 185.223694
485.696289 204.118439 185.223694
483.480743 199.687332 185.223694
482.847717 198.737823 185.223694
476.834106 193.673706 185.223694
470.820465 188.609604 185.223694
467.022400 185.444534 185.223694
460.692261 180.380417 185.223694
454.995117 175.632828 185.223694
446.132935 168.036667 185.223694
438.853271 162.023026 185.223694
433.156158 160.440491 185.223694
425.876495 158.541458 185.223694
420.179382 156.958923 185.223694
412.266724 154.743378 185.223694
404.670563 152.527832 185.223694
398.973419 150.945297 185.223694
387.579193 147.780228 185.223694
383.781097 146.830704 185.223694
382.515076 146.830704 185.223694
381.565552 151.894821 185.223694
380.299530 159.174469 185.223694
379.350006 164.555084 185.223694
377.767487 173.417282 185.223694
376.817963 178.481384 185.223694
375.551941 185.761032 185.223694
374.602417 191.141647 185.223694
373.019867 200.003845 185.223694
371.437347 208.866028 185.223694
369.854797 217.728226 185.223694
368.272278 226.590408 185.223694
367.322754 231.971024 185.223694
365.423706 242.732254 185.223694
364.474182 248.112869 185.223694
362.891663 256.975067 185.223694
361.309143 265.837250 185.223694
359.726593 274.699432 185.223694
358.777069 280.080048 185.223694
356.878021 290.841278 185.223694
355.928528 296.221893 185.223694
354.345978 305.084076 185.223694
352.763458 313.946289 185.223694
351.180908 322.808472 185.223694
350.231384 328.189087 185.223694
348.332336 338.950317 185.223694
347.382843 344.330933 185.223694
345.800293 353.193115 185.223694
344.217773 362.055298 185.223694
343.268250 367.435913 185.223694
341.369202 378.197144 185.223694
340.419678 383.577759 185.223694
338.837158 392.439972 185.223694
337.254608 401.302155 185.223694
335.039063 412.696381 185.223694
TAPER
360.043091 280.713074 347.697540
360.043091 280.713074 347.697540
360.043091 280.713074 347.697540
360.043091 280.713074 347.697540
360.043091 280.713074 347.697540
360.043091 280.713074 347.697540
360.043091 280.713074 347.697540
360.043091 280.713074 347.697540
360.043091 280.713074 347.697540
360.043091 280.713074 347.697540
360.043091 280.713074 347.697540
360.043091 280.713074 347.697540
360.043091 280.713074 347.697540
360.043091 280.713074 347.697540
360.043091 280.713074 347.697540
360.043091 280.713074 347.697540
360.043091 280.713074 347.697540
360.043091 280.713074 347.697540
360.043091 280.713074 347.697540
360.043091 280.713074 347.697540
360.043091 280.713074 347.697540
360.043091 280.713074 347.697540
360.043091 280.713074 347.697540
360.043091 280.713074 347.697540
360.043091 280.713074 347.697540
360.043091 280.713074 347.697540
360.043091 280.713074 347.697540
360.043091 280.713074 347.697540
360.043091 280.713074 347.697540
360.043091 280.713074 347.697540
360.043091 280.713074 347.697540
360.043091 280.713074 347.697540
360.043091 280.713074 347.697540
360.043091 280.713074 347.697540
360.043091 280.713074 347.697540
360.043091 280.713074 347.697540
360.043091 280.713074 347.697540
360.043091 280.713074 347.697540
360.043091 280.713074 347.697540
360.043091 280.713074 347.697540
360.043091 280.713074 347.697540
360.043091 280.713074 347.697540
360.043091 280.713074 347.697540
360.043091 280.713074 347.697540
360.043091 280.713074 347.697540
360.043091 280.713074 347.697540
360.043091 280.713074 347.697540
360.043091 280.713074 347.697540
360.043091 280.713074 347.697540
360.043091 280.713074 347.697540
360.043091 280.713074 347.697540
360.043091 280.713074 347.697540
360.043091 280.713074 347.697540
360.043091 280.713074 347.697540
360.043091 280.713074 347.697540
360.043091 280.713074 347.697540
360.043091 280.713074 347.697540
360.043091 280.713074 347.697540
360.043091 280.713074 347.697540
360.043091 280.713074 347.697540
360.043091 280.713074 347.697540
360.043091 280.713074 347.697540
360.043091 280.713074 347.697540
360.043091 280.713074 347.697540
360.043091 280.713074 347.697540
360.043091 280.713074 347.697540
360.043091 280.713074 347.697540
360.043091 280.713074 347.697540
360.043091 280.713074 347.697540
360.043091 280.713074 347.697540
360.043091 280.713074 347.697540
360.043091 280.713074 347.697540
360.043091 280.713074 347.697540
360.043091 280.713074 347.697540
360.043091 280.713074 347.697540
360.043091 280.713074 347.697540
360.043091 280.713074 347.697540
360.043091 280.713074 347.697540
360.043091 280.713074 347.697540
360.043091 280.713074 347.697540
360.043091 280.713074 347.697540
360.043091 280.713074 347.697540
360.043091 280.713074 347.697540
360.043091 280.713074 347.697540
360.043091 280.713074 347.697540
360.043091 280.713074 347.697540
360.043091 280.713074 347.697540
360.043091 280.713074 347.697540
360.043091 280.713074 347.697540
360.043091 280.713074 347.697540
360.043091 280.713074 347.697540
360.043091 280.713074 347.697540
360.043091 280.713074 347.697540
360.043091 280.713074 347.697540
360.043091 280.713074 347.697540
360.043091 280.713074 347.697540
360.043091 280.713074 347.697540
360.043091 280.713074 347.697540
360.043091 280.713074 347.697540
END POLYGON
BEGIN POLYGON
HEIGHT
-298.893097 -404.654480
TYPE
0
POINTS
335.564789 414.834473 177.970688
335.564789 414.834473 179.034500
335.564789 414.834473 180.098297
337.189850 405.939301 194.459717
337.381042 404.892822 195.523529
337.476624 404.369598 196.587341
337.667816 403.323090 197.651138
337.763428 402.799835 198.183044
337.954590 401.753357 199.246857
338.050201 401.230103 200.310669
359.558563 283.500275 344.456726
359.749756 282.453766 345.520538
359.940948 281.407288 347.116241
360.036530 280.884033 347.648163
360.132111 280.360779 347.648163
360.227722 279.837555 347.116241
360.323303 279.314301 346.052429
381.927277 161.061218 201.374481
382.022858 160.537964 200.842575
382.118469 160.014725 200.310669
382.214050 159.491470 199.246857
382.309631 158.968231 198.714951
382.405243 158.444992 198.183044
382.500824 157.921753 197.651138
382.596436 157.398499 197.119247
382.692017 156.875259 196.587341
382.787598 156.352020 195.523529
384.603882 146.410385 181.162109
382.883209 155.828766 177.970688
382.787598 156.352020 177.970688
382.405243 158.444992 176.374969
382.405243 158.444992 -11.919137
382.405243 158.444992 -14.046754
382.309631 158.968231 -15.642467
337.763428 402.799835 -13.514850
337.763428 402.799835 174.779266
337.381042 404.892822 177.970688
335.564789 414.834473 177.970688
EXTRUSION
END POLYGON
BEGIN POLYGON
HEIGHT
-300.649384 -281.819275
TYPE
0
POINTS
229.288086 417.846039 -15.546304
229.288086 417.846039 -13.356541
229.681625 415.691925 245.582977
230.468704 411.383698 245.582977
230.567093 410.845184 245.582977
230.665482 410.306641 245.582977
230.763855 409.768127 245.582977
230.862244 409.229584 245.582977
230.960632 408.691071 245.582977
231.452560 405.998444 246.130417
231.649323 404.921387 247.772751
257.229431 264.904236 438.829590
257.327820 264.365723 439.924469
257.524567 263.288666 441.019348
257.622955 262.750153 442.114258
257.721344 262.211609 442.661682
257.819733 261.673096 442.114258
257.918121 261.134552 441.566803
258.016510 260.596039 441.019348
258.114899 260.057526 440.471924
283.793365 119.501862 248.867630
283.891754 118.963333 247.772751
283.990143 118.424805 247.225296
284.285278 116.809227 246.130417
284.383667 116.270699 246.130417
284.482056 115.732170 246.130417
284.678833 114.655113 245.582977
284.777222 114.116585 245.582977
284.875610 113.578056 245.582977
285.072357 112.501007 245.582977
285.761078 108.731316 245.582977
285.859436 108.192787 245.582977
285.761078 108.731316 245.582977
286.252991 106.038673 -12.809100
229.288086 417.846039 -15.546304
EXTRUSION
END POLYGON
BEGIN POLYGON
HEIGHT
-281.819275 -74.688065
TYPE
0
POINTS
208.600098 426.309540 201.240265
208.600098 426.309540 202.335159
208.600098 426.309540 203.430038
210.272644 417.154572 218.758377
210.469421 416.077515 219.853256
210.567795 415.538971 220.948135
210.764572 414.461914 222.043030
210.862961 413.923401 223.137909
211.059723 412.846344 224.232788
238.804291 260.981628 415.289642
239.001053 259.904572 416.384521
239.099442 259.366028 417.479401
239.197830 258.827515 417.479401
239.296219 258.288971 417.479401
239.492981 257.211945 416.384521
239.591370 256.673401 415.289642
267.237549 105.347206 225.875107
267.335938 104.808678 224.780228
267.434326 104.270149 224.232788
267.532715 103.731621 223.685349
267.631073 103.193092 222.590469
267.729462 102.654564 222.043030
267.827850 102.116035 221.495590
267.926239 101.577515 220.948135
268.024628 101.038986 219.853256
268.123016 100.500458 219.305817
269.893951 90.806961 203.977478
269.893951 90.806961 203.430038
268.221405 99.961929 201.240265
268.123016 100.500458 201.240265
267.729462 102.654564 199.597946
267.729462 102.654564 -12.809100
267.729462 102.654564 -14.998863
267.631073 103.193092 -15.546304
210.764572 414.461914 -13.356541
210.764572 414.461914 197.955627
210.371033 416.616028 201.240265
208.600098 426.309540 201.240265
EXTRUSION
END POLYGON
BEGIN POLYGON
HEIGHT
-34.337830 -74.688065
TYPE
0
POINTS
4.841406 389.084320 201.240265
4.841406 389.084320 202.335159
4.841406 389.084320 203.430038
6.513950 379.929352 218.758377
6.710719 378.852325 219.853256
6.809107 378.313782 220.948135
7.005876 377.236725 222.043030
7.104264 376.698181 223.137909
7.301033 375.621124 224.232788
20.287848 304.535522 313.465637
20.386234 303.996979 314.560516
35.045593 223.756409 415.289642
35.242363 222.679352 416.384521
35.340748 222.140823 417.479401
35.439133 221.602295 417.479401
35.537518 221.063782 417.479401
35.635902 220.525253 416.931976
35.734287 219.986725 416.384521
35.832672 219.448196 415.289642
50.000111 141.900253 318.392609
50.098495 141.361725 317.297729
50.393650 139.746124 315.655396
50.492035 139.207611 314.560516
53.345200 123.590317 295.400085
53.443584 123.051788 294.305206
53.738739 121.436203 292.662903
59.543453 89.663094 253.247147
59.346684 90.740150 305.801483
59.248299 91.278671 308.538666
59.248299 91.278671 307.991241
59.248299 91.278671 312.918213
65.643318 56.274395 315.655396
66.036858 54.120281 315.655396
66.135246 53.581757 315.107971
66.823936 49.812065 197.955627
66.922325 49.273537 196.313309
68.201332 42.272682 -11.714218
68.201332 42.272682 -13.903981
68.102943 42.811207 -15.546304
7.104264 376.698181 -15.546304
7.005876 377.236725 -14.998863
7.005876 377.236725 -13.903981
7.005876 377.236725 197.408188
6.710719 378.852325 201.240265
6.612337 379.390839 201.240265
4.841406 389.084320 201.240265
EXTRUSION
END POLYGON
BEGIN POLYGON
HEIGHT
-16.594559 -35.937851
TYPE
0
POINTS
-35.516342 394.372864 -16.941986
-35.516342 394.372864 -14.545723
-35.516342 394.372864 301.761139
-35.085690 392.015594 301.761139
-34.224384 387.301086 301.761139
-34.116722 386.711792 301.761139
-34.009060 386.122498 301.761139
-33.901398 385.533173 301.761139
-33.793732 384.943848 301.761139
-33.686069 384.354523 301.761139
-33.578407 383.765228 301.761139
-33.470745 383.175934 301.761139
-33.363083 382.586609 301.761139
-32.824768 379.640045 302.360229
-32.609440 378.461426 303.558350
-3.540445 219.347183 451.527649
-3.217456 217.579239 452.725800
-3.002130 216.400620 453.923920
-2.786803 215.221985 455.122070
-2.679142 214.632675 455.721130
-2.140827 211.686127 452.725800
26.928171 52.571869 304.756470
27.251160 50.803932 303.558350
27.358824 50.214619 302.959290
27.681812 48.446686 301.761139
28.112463 46.089436 301.761139
28.327789 44.910812 301.761139
28.435452 44.321503 301.761139
28.650780 43.142876 301.761139
29.619745 37.839069 301.761139
30.158060 34.892506 301.162079
30.158060 34.892506 -13.946656
30.158060 34.892506 -16.941986
-35.516342 394.372864 -16.941986
EXTRUSION
END POLYGON
BEGIN POLYGON
HEIGHT
-16.594559 418.629486
TYPE
0
POINTS
-56.590279 402.093414 259.227448
-56.590279 402.093414 261.623718
-55.083004 393.843079 273.005981
-54.867672 392.664429 274.204102
-54.544689 390.896515 275.402252
-54.329357 389.717865 276.600372
-54.221695 389.128571 277.798492
-22.461124 215.281525 438.947266
-22.245800 214.102905 440.145416
-22.138136 213.513580 440.744476
-21.922810 212.334961 441.942596
-21.815147 211.745651 442.541656
-21.707485 211.156342 442.541656
-21.492159 209.977722 441.942596
10.591400 34.362732 278.397583
10.699063 33.773418 277.798492
10.806726 33.184105 277.199432
10.914390 32.594791 276.600372
11.022053 32.005482 276.001312
11.345041 30.237545 274.803192
11.452704 29.648233 274.204102
11.560368 29.058920 273.605042
12.421671 24.344425 269.411591
12.959986 21.397865 266.416260
12.959986 21.397865 265.817200
12.959986 21.397865 265.218109
12.959986 21.397865 264.619049
12.959986 21.397865 264.019989
12.959986 21.397865 263.420929
12.959986 21.397865 261.024658
12.852323 21.987177 259.227448
11.668031 28.469608 259.227448
11.560368 29.058920 259.227448
11.129716 31.416170 257.430267
11.129716 31.416170 -16.941986
-54.544689 390.896515 -16.941986
-54.544689 390.896515 255.033997
-54.867672 392.664429 259.227448
-54.975334 393.253754 259.227448
-56.590279 402.093414 259.227448
EXTRUSION
END POLYGON
BEGIN POLYGON
HEIGHT
418.629486 442.808594
TYPE
0
POINTS
-482.682404 312.678925 -16.941986
-482.682404 312.678925 -14.545723
-482.682404 312.678925 301.761139
-482.251740 310.321686 301.761139
-481.390442 305.607147 301.761139
-481.282776 305.017853 301.761139
-481.175110 304.428558 301.761139
-481.067474 303.839233 301.761139
-480.959778 303.249908 301.761139
-480.852142 302.660614 301.761139
-480.744476 302.071289 301.761139
-480.636810 301.481995 301.761139
-480.529144 300.892670 301.761139
-479.990845 297.946136 302.360229
-456.520294 169.476089 421.574371
-456.089661 167.118835 423.970612
-455.981995 166.529526 426.366882
-455.981995 166.529526 427.565033
-455.981995 166.529526 428.763153
-455.981995 166.529526 478.485626
-456.197327 167.708160 481.480957
-456.197327 167.708160 482.080017
-456.197327 167.708160 483.278168
-456.197327 167.708160 484.476288
-455.874329 165.940216 485.075348
-455.658997 164.761597 485.674438
-450.491180 136.474609 501.250153
-450.383514 135.885315 501.250153
-450.275848 135.295990 501.250153
-450.168182 134.706680 501.250153
-450.060516 134.117355 501.250153
-449.952850 133.528061 501.250153
-449.845215 132.938751 501.250153
-449.737549 132.349426 501.250153
-449.629883 131.760117 501.250153
-449.522217 131.170807 501.250153
-449.414551 130.581497 501.250153
-449.306885 129.992188 501.250153
-444.462067 103.473137 486.872559
-444.246735 102.294510 486.273499
-444.139069 101.705208 486.273499
-444.031403 101.115883 485.674438
-443.816071 99.937271 485.075348
-443.600739 98.758644 484.476288
-443.493073 98.169327 484.476288
-443.493073 98.169327 483.877228
-443.493073 98.169327 483.278168
-443.493073 98.169327 481.480957
-443.708405 99.347954 428.763153
-443.708405 99.347954 428.164093
-443.708405 99.347954 427.565033
-443.708405 99.347954 426.965942
-443.708405 99.347954 426.366882
-443.708405 99.347954 425.767822
-443.708405 99.347954 425.168762
-443.493073 98.169327 423.371552
-419.807251 -31.479315 302.959290
-419.484253 -33.247250 301.761139
-419.053589 -35.604500 301.761139
-419.161255 -35.015186 301.761139
-418.945923 -36.193810 301.761139
-418.730621 -37.372433 301.761139
-418.622955 -37.961746 301.761139
-418.515289 -38.551060 301.761139
-418.622955 -37.961746 301.761139
-417.546326 -43.854866 301.761139
-417.223328 -45.622803 301.761139
-417.007996 -46.801426 301.162079
-417.007996 -46.801426 -16.941986
-482.682404 312.678925 -16.941986
EXTRUSION
END POLYGON
BEGIN POLYGON
HEIGHT
-393.907410 -385.772095
TYPE
0
POINTS
-316.108459 343.110748 79.981171
-279.303040 349.834839 79.981171
-279.303040 349.834839 -6.313883
-316.108459 343.110748 -6.313883
-316.108459 343.110748 79.981171
EXTRUSION
END POLYGON
BEGIN POLYGON
HEIGHT
-29.755117 -41.376999
TYPE
0
POINTS
-303.267700 -26.021925 11.186512
-302.674042 -25.913465 12.393436
-303.267700 -26.021925 11.789974
-302.674042 -25.913465 12.996898
-302.674042 -25.913464 107.740417
-304.454956 -26.238825 109.550804
-310.984985 -27.431812 109.550804
-310.984985 -27.431812 116.792343
-310.391327 -27.323353 117.395805
-310.984985 -27.431812 117.395805
-309.797699 -27.214903 117.999268
-300.299500 -25.479650 127.654655
-299.705872 -25.371199 127.654655
-299.112244 -25.262749 128.861588
-297.331329 -24.937387 130.671967
-296.737701 -24.828936 130.671967
-283.084045 -22.334515 144.551590
-282.490417 -22.226065 144.551590
-281.896790 -22.117611 145.758514
-281.303162 -22.009159 145.758514
-268.836792 -19.731647 158.431213
-267.649506 -19.514738 158.431213
-267.055878 -19.406286 159.638138
-255.776794 -17.345682 171.103912
-255.183136 -17.237223 171.103912
-253.402237 -16.911871 172.914307
-252.808594 -16.803411 174.121231
-252.214966 -16.694960 174.724686
-251.027695 -16.478058 175.328156
-243.904053 -15.176620 182.569687
-243.310425 -15.068168 182.569687
-239.748611 -14.417455 178.948914
-237.967697 -14.092094 177.741989
-226.094971 -11.923030 165.672760
-224.314056 -11.597673 164.465836
-208.879517 -8.777898 148.775818
-207.098602 -8.452538 147.568909
-195.225891 -6.283482 135.499664
-193.444962 -5.958119 134.292740
-180.978607 -3.680609 121.620041
-179.197708 -3.355253 120.413116
-178.604065 -3.246797 119.809654
-178.010437 -3.138345 118.602730
-176.229523 -2.812987 117.395805
-176.229523 -2.812987 109.550804
-182.759521 -4.005970 109.550804
-184.540421 -4.331325 107.740417
-184.540421 -4.331327 13.600360
-183.946793 -4.222876 11.789974
-183.946793 -4.222876 -15.962349
-303.267700 -26.021925 -15.962349
-303.267700 -26.021925 11.186512
EXTRUSION
END POLYGON
